"","Age","Attrition","BusinessTravel","DailyRate","Department","DistanceFromHome","Education","EducationField","EmployeeCount","EmployeeNumber","EnvironmentSatisfaction","Gender","HourlyRate","JobInvolvement","JobLevel","JobRole","JobSatisfaction","MaritalStatus","MonthlyIncome","MonthlyRate","NumCompaniesWorked","Over18","OverTime","PercentSalaryHike","PerformanceRating","RelationshipSatisfaction","StandardHours","StockOptionLevel","TotalWorkingYears","TrainingTimesLastYear","WorkLifeBalance","YearsAtCompany","YearsInCurrentRole","YearsSinceLastPromotion","YearsWithCurrManager"
"1",42,"No","Travel_Rarely",462,"Sales",14,2,"Medical",1,936,3,"Female",68,2,2,"Sales Executive",3,"Single",6244,7824,7,"Y","No",17,3,1,80,0,10,6,3,5,4,0,3
"2",45,"No","Non-Travel",1050,"Sales",9,4,"Life Sciences",1,1117,2,"Female",65,2,2,"Sales Executive",3,"Married",5593,17970,1,"Y","No",13,3,4,80,1,15,2,3,15,10,4,12
"3",27,"No","Travel_Rarely",954,"Sales",9,3,"Marketing",1,1965,4,"Male",44,3,2,"Sales Executive",4,"Single",4105,5099,1,"Y","No",14,3,1,80,0,7,5,3,7,7,0,7
"4",30,"No","Non-Travel",990,"Research & Development",7,3,"Technical Degree",1,1482,3,"Male",64,3,1,"Research Scientist",3,"Divorced",1274,7152,1,"Y","No",13,3,2,80,2,1,2,2,1,0,0,0
"5",31,"No","Travel_Rarely",1463,"Research & Development",23,3,"Medical",1,367,2,"Male",64,2,2,"Healthcare Representative",4,"Married",5582,14408,0,"Y","No",21,4,2,80,1,10,2,3,9,0,7,8
"6",45,"No","Travel_Rarely",549,"Research & Development",8,4,"Other",1,452,4,"Male",75,3,2,"Research Scientist",4,"Married",3697,9278,9,"Y","No",14,3,1,80,2,12,3,3,10,9,9,8
"7",29,"Yes","Travel_Rarely",121,"Sales",27,3,"Marketing",1,283,2,"Female",35,3,3,"Sales Executive",4,"Married",7639,24525,1,"Y","No",22,4,4,80,3,10,3,2,10,4,1,9
"8",36,"No","Travel_Rarely",1278,"Human Resources",8,3,"Life Sciences",1,878,1,"Male",77,2,1,"Human Resources",1,"Married",2342,8635,0,"Y","No",21,4,3,80,0,6,3,3,5,4,0,3
"9",24,"No","Travel_Rarely",506,"Research & Development",29,1,"Medical",1,1725,2,"Male",91,3,1,"Laboratory Technician",1,"Divorced",3907,3622,1,"Y","No",13,3,2,80,3,6,2,4,6,2,1,2
"10",43,"No","Travel_Rarely",920,"Research & Development",3,3,"Life Sciences",1,1255,3,"Male",96,1,5,"Research Director",4,"Married",19740,18625,3,"Y","No",14,3,2,80,1,25,2,3,8,7,0,7
"11",45,"No","Travel_Rarely",974,"Research & Development",1,4,"Medical",1,996,4,"Female",91,3,1,"Laboratory Technician",4,"Divorced",2270,11005,3,"Y","No",14,3,4,80,2,8,2,3,5,3,0,2
"12",36,"No","Travel_Rarely",1174,"Sales",3,4,"Marketing",1,1425,1,"Female",99,3,2,"Sales Executive",2,"Single",9278,20763,3,"Y","Yes",16,3,4,80,0,15,3,3,5,4,0,1
"13",29,"Yes","Travel_Rarely",906,"Research & Development",10,3,"Life Sciences",1,994,4,"Female",92,2,1,"Research Scientist",1,"Single",2404,11479,6,"Y","Yes",20,4,3,80,0,3,5,3,0,0,0,0
"14",55,"No","Travel_Rarely",1136,"Research & Development",1,4,"Medical",1,1424,2,"Male",81,4,4,"Research Director",4,"Divorced",14732,12414,2,"Y","No",13,3,4,80,2,31,4,4,7,7,0,0
"15",44,"Yes","Travel_Frequently",920,"Research & Development",24,3,"Life Sciences",1,392,4,"Male",43,3,1,"Laboratory Technician",3,"Divorced",3161,19920,3,"Y","Yes",22,4,4,80,1,19,0,1,1,0,0,0
"16",60,"No","Travel_Frequently",1499,"Sales",28,3,"Marketing",1,573,3,"Female",80,2,3,"Sales Executive",1,"Married",10266,2845,4,"Y","No",19,3,4,80,0,22,5,4,18,13,13,11
"17",35,"No","Travel_Rarely",1219,"Sales",18,3,"Medical",1,975,3,"Female",86,3,2,"Sales Executive",3,"Married",4601,6179,1,"Y","No",16,3,2,80,0,5,3,3,5,2,1,0
"18",28,"No","Travel_Rarely",1476,"Research & Development",16,2,"Medical",1,412,2,"Male",68,4,2,"Healthcare Representative",1,"Single",5661,4824,0,"Y","No",19,3,3,80,0,9,2,3,8,3,0,7
"19",32,"No","Travel_Rarely",267,"Research & Development",29,4,"Life Sciences",1,2010,3,"Female",49,2,1,"Laboratory Technician",2,"Single",2837,15919,1,"Y","No",13,3,3,80,0,6,3,3,6,2,4,1
"20",42,"No","Travel_Rarely",810,"Research & Development",23,5,"Life Sciences",1,468,1,"Female",44,3,4,"Research Director",4,"Single",15992,15901,2,"Y","No",14,3,2,80,0,16,2,3,1,0,0,0
"21",29,"No","Travel_Rarely",657,"Research & Development",27,3,"Medical",1,793,2,"Female",66,3,2,"Healthcare Representative",3,"Married",4335,25549,4,"Y","No",12,3,1,80,1,11,3,2,8,7,1,1
"22",28,"No","Travel_Rarely",1300,"Research & Development",17,2,"Medical",1,536,3,"Male",79,3,2,"Laboratory Technician",1,"Divorced",4558,13535,1,"Y","No",12,3,4,80,1,10,2,3,10,0,1,8
"23",39,"No","Non-Travel",792,"Research & Development",1,3,"Life Sciences",1,1737,4,"Male",77,3,2,"Laboratory Technician",4,"Married",6472,8989,1,"Y","Yes",15,3,4,80,1,9,2,3,9,8,5,8
"24",38,"No","Travel_Rarely",362,"Research & Development",1,1,"Life Sciences",1,662,3,"Female",43,3,1,"Research Scientist",1,"Single",2619,14561,3,"Y","No",17,3,4,80,0,8,3,2,0,0,0,0
"25",41,"No","Travel_Rarely",263,"Research & Development",6,3,"Medical",1,957,4,"Male",59,3,1,"Laboratory Technician",1,"Single",4721,3119,2,"Y","Yes",13,3,3,80,0,20,3,3,18,13,2,17
"26",31,"No","Travel_Rarely",655,"Research & Development",7,4,"Life Sciences",1,76,4,"Male",48,3,2,"Laboratory Technician",4,"Divorced",5915,9528,3,"Y","No",22,4,4,80,1,10,3,2,7,7,1,7
"27",46,"Yes","Travel_Rarely",377,"Sales",9,3,"Marketing",1,1457,1,"Male",52,3,3,"Sales Executive",4,"Divorced",10096,15986,4,"Y","No",11,3,1,80,1,28,1,4,7,7,4,3
"28",40,"No","Travel_Rarely",118,"Sales",14,2,"Life Sciences",1,1598,4,"Female",84,3,2,"Sales Executive",1,"Married",4639,11262,1,"Y","No",15,3,3,80,1,5,2,3,5,4,1,2
"29",37,"No","Travel_Rarely",1439,"Research & Development",4,1,"Life Sciences",1,1394,3,"Male",54,3,1,"Research Scientist",3,"Married",2996,5182,7,"Y","Yes",15,3,4,80,0,8,2,3,6,4,1,3
"30",33,"No","Travel_Rarely",1069,"Research & Development",1,3,"Life Sciences",1,969,2,"Female",42,2,2,"Healthcare Representative",4,"Single",6949,12291,0,"Y","No",14,3,1,80,0,6,3,3,5,0,1,4
"31",43,"No","Travel_Frequently",957,"Research & Development",28,3,"Medical",1,171,2,"Female",72,4,1,"Research Scientist",3,"Single",4739,16090,4,"Y","No",12,3,4,80,0,18,2,3,3,2,1,2
"32",39,"Yes","Travel_Rarely",895,"Sales",5,3,"Technical Degree",1,42,4,"Male",56,3,2,"Sales Representative",4,"Married",2086,3335,3,"Y","No",14,3,3,80,1,19,6,4,1,0,0,0
"33",25,"Yes","Travel_Rarely",688,"Research & Development",3,3,"Medical",1,538,1,"Male",91,3,1,"Laboratory Technician",1,"Married",4031,9396,5,"Y","No",13,3,3,80,1,6,5,3,2,2,0,2
"34",46,"No","Travel_Rarely",1485,"Research & Development",18,3,"Medical",1,550,3,"Female",87,3,2,"Manufacturing Director",3,"Divorced",4810,26314,2,"Y","No",14,3,3,80,1,19,5,2,10,7,0,8
"35",52,"Yes","Travel_Rarely",1030,"Sales",5,3,"Life Sciences",1,1319,2,"Male",64,3,3,"Sales Executive",2,"Single",8446,21534,9,"Y","Yes",19,3,3,80,0,10,2,2,8,7,7,7
"36",24,"Yes","Travel_Rarely",1448,"Sales",1,1,"Technical Degree",1,554,1,"Female",62,3,1,"Sales Representative",2,"Single",3202,21972,1,"Y","Yes",16,3,2,80,0,6,4,3,5,3,1,4
"37",24,"Yes","Travel_Rarely",693,"Sales",3,2,"Life Sciences",1,720,1,"Female",65,3,2,"Sales Executive",3,"Single",4577,24785,9,"Y","No",14,3,1,80,0,4,3,3,2,2,2,0
"38",49,"No","Travel_Rarely",722,"Research & Development",25,4,"Life Sciences",1,1617,3,"Female",84,3,1,"Laboratory Technician",1,"Married",3211,22102,1,"Y","No",14,3,4,80,1,10,3,2,9,6,1,4
"39",32,"No","Travel_Rarely",601,"Sales",7,5,"Marketing",1,1446,4,"Male",97,3,2,"Sales Executive",4,"Married",9204,23343,4,"Y","No",12,3,3,80,1,7,3,2,4,3,0,3
"40",38,"No","Travel_Frequently",471,"Research & Development",12,3,"Life Sciences",1,837,1,"Male",45,2,2,"Healthcare Representative",1,"Divorced",6288,4284,2,"Y","No",15,3,3,80,1,13,3,2,4,3,1,2
"41",40,"No","Travel_Rarely",1194,"Research & Development",1,3,"Life Sciences",1,1822,3,"Female",52,3,2,"Healthcare Representative",4,"Divorced",6513,9060,4,"Y","No",17,3,4,80,1,12,3,3,5,3,0,3
"42",52,"No","Travel_Rarely",1325,"Research & Development",11,4,"Life Sciences",1,813,4,"Female",82,3,2,"Laboratory Technician",3,"Married",3149,21821,8,"Y","No",20,4,2,80,1,9,3,3,5,2,1,4
"43",39,"Yes","Travel_Rarely",1122,"Research & Development",6,3,"Medical",1,932,4,"Male",70,3,1,"Laboratory Technician",1,"Married",2404,4303,7,"Y","Yes",21,4,4,80,0,8,2,1,2,2,2,2
"44",38,"No","Travel_Rarely",433,"Human Resources",1,3,"Human Resources",1,1152,3,"Male",37,4,1,"Human Resources",3,"Married",2844,6004,1,"Y","No",13,3,4,80,1,7,2,4,7,6,5,0
"45",50,"No","Travel_Rarely",1046,"Research & Development",10,3,"Technical Degree",1,491,4,"Male",100,2,3,"Healthcare Representative",4,"Single",10496,2755,6,"Y","No",15,3,4,80,0,20,2,3,4,3,1,3
"46",51,"No","Travel_Frequently",968,"Research & Development",6,2,"Medical",1,1297,2,"Female",40,2,1,"Laboratory Technician",3,"Single",2838,4257,0,"Y","No",14,3,2,80,0,8,6,2,7,0,7,7
"47",36,"No","Travel_Rarely",922,"Research & Development",3,2,"Life Sciences",1,155,1,"Female",39,3,1,"Laboratory Technician",4,"Divorced",2835,2561,5,"Y","No",22,4,1,80,1,7,2,3,1,0,0,0
"48",36,"No","Travel_Frequently",566,"Research & Development",18,4,"Life Sciences",1,407,3,"Male",81,4,1,"Laboratory Technician",4,"Married",3688,7122,4,"Y","No",18,3,4,80,2,4,2,3,1,0,0,0
"49",32,"No","Travel_Rarely",529,"Research & Development",2,3,"Technical Degree",1,2038,4,"Male",78,3,1,"Research Scientist",1,"Single",2439,11288,1,"Y","No",14,3,4,80,0,4,4,3,4,2,1,2
"50",38,"No","Travel_Frequently",1391,"Research & Development",10,1,"Medical",1,1006,3,"Male",66,3,1,"Research Scientist",3,"Married",2684,12127,0,"Y","No",17,3,2,80,1,3,0,2,2,1,0,2
"51",35,"No","Travel_Rarely",735,"Research & Development",6,1,"Life Sciences",1,1291,3,"Male",66,3,1,"Research Scientist",3,"Married",3506,6020,0,"Y","Yes",14,3,4,80,0,4,3,3,3,2,2,2
"52",26,"Yes","Travel_Frequently",575,"Research & Development",3,1,"Technical Degree",1,510,3,"Male",73,3,1,"Research Scientist",1,"Single",3102,6582,0,"Y","No",22,4,3,80,0,7,2,3,6,4,0,4
"53",34,"No","Travel_Frequently",135,"Research & Development",19,3,"Medical",1,1285,3,"Female",46,3,2,"Laboratory Technician",2,"Divorced",4444,22534,4,"Y","No",13,3,3,80,2,15,2,4,11,8,5,10
"54",53,"No","Travel_Rarely",661,"Sales",7,2,"Marketing",1,862,1,"Female",78,2,3,"Sales Executive",4,"Married",10934,20715,7,"Y","Yes",18,3,4,80,1,35,3,3,5,2,0,4
"55",24,"No","Travel_Frequently",535,"Sales",24,3,"Medical",1,632,4,"Male",38,3,1,"Sales Representative",4,"Married",2400,5530,0,"Y","No",13,3,3,80,2,3,3,3,2,2,2,1
"56",28,"Yes","Travel_Rarely",103,"Research & Development",24,3,"Life Sciences",1,19,3,"Male",50,2,1,"Laboratory Technician",3,"Single",2028,12947,5,"Y","Yes",14,3,2,80,0,6,4,3,4,2,0,3
"57",44,"No","Travel_Rarely",1459,"Research & Development",10,4,"Other",1,40,4,"Male",41,3,2,"Healthcare Representative",4,"Married",6465,19121,2,"Y","Yes",13,3,4,80,0,9,5,4,4,2,1,3
"58",29,"Yes","Travel_Rarely",896,"Research & Development",18,1,"Medical",1,315,3,"Male",86,2,1,"Research Scientist",4,"Single",2389,14961,1,"Y","Yes",13,3,3,80,0,4,3,2,4,3,0,1
"59",47,"No","Travel_Rarely",202,"Research & Development",2,2,"Other",1,820,3,"Female",33,3,4,"Manager",4,"Married",16752,12982,1,"Y","Yes",11,3,3,80,1,26,3,2,26,14,3,0
"60",53,"No","Travel_Rarely",1070,"Research & Development",3,4,"Medical",1,386,3,"Male",45,3,4,"Research Director",3,"Married",17584,21016,3,"Y","Yes",16,3,4,80,3,21,5,2,5,3,1,3
"61",41,"No","Non-Travel",552,"Human Resources",4,3,"Human Resources",1,1722,3,"Male",60,1,2,"Human Resources",2,"Married",6430,20794,6,"Y","No",19,3,2,80,1,10,4,3,3,2,1,2
"62",31,"Yes","Travel_Rarely",542,"Sales",20,3,"Life Sciences",1,175,2,"Female",71,1,2,"Sales Executive",3,"Married",4559,24788,3,"Y","Yes",11,3,3,80,1,4,2,3,2,2,2,2
"63",27,"No","Travel_Frequently",472,"Research & Development",1,1,"Technical Degree",1,274,3,"Male",60,2,2,"Manufacturing Director",1,"Married",4298,9679,5,"Y","No",19,3,3,80,1,6,1,3,2,2,2,0
"64",40,"Yes","Non-Travel",1479,"Sales",24,3,"Life Sciences",1,986,2,"Female",100,4,4,"Sales Executive",2,"Single",13194,17071,4,"Y","Yes",16,3,4,80,0,22,2,2,1,0,0,0
"65",34,"No","Travel_Rarely",1326,"Sales",3,3,"Other",1,1478,4,"Male",81,1,2,"Sales Executive",1,"Single",4759,15891,3,"Y","No",18,3,4,80,0,15,2,3,13,9,3,12
"66",30,"No","Non-Travel",1400,"Research & Development",3,3,"Life Sciences",1,562,3,"Male",53,3,1,"Laboratory Technician",4,"Married",2097,16734,4,"Y","No",15,3,3,80,1,9,3,1,5,3,1,4
"67",37,"No","Travel_Rarely",228,"Sales",6,4,"Medical",1,378,3,"Male",98,3,2,"Sales Executive",4,"Married",6502,22825,4,"Y","No",14,3,2,80,1,7,5,4,5,4,0,1
"68",21,"No","Non-Travel",895,"Sales",9,2,"Medical",1,484,1,"Male",39,3,1,"Sales Representative",4,"Single",2610,2851,1,"Y","No",24,4,3,80,0,3,3,2,3,2,2,2
"69",48,"No","Travel_Rarely",1221,"Sales",7,3,"Marketing",1,1466,3,"Male",96,3,2,"Sales Executive",1,"Divorced",5486,24795,4,"Y","No",11,3,1,80,3,15,3,3,2,2,2,2
"70",27,"No","Travel_Rarely",1377,"Research & Development",11,1,"Life Sciences",1,1434,2,"Male",91,3,1,"Laboratory Technician",1,"Married",2099,7679,0,"Y","No",14,3,2,80,0,6,3,4,5,0,1,4
"71",30,"Yes","Travel_Frequently",464,"Research & Development",4,3,"Technical Degree",1,514,3,"Male",40,3,1,"Research Scientist",4,"Single",2285,3427,9,"Y","Yes",23,4,3,80,0,3,4,3,1,0,0,0
"72",29,"Yes","Travel_Rarely",806,"Research & Development",7,3,"Technical Degree",1,1299,2,"Female",39,3,1,"Laboratory Technician",3,"Divorced",3339,17285,3,"Y","Yes",13,3,1,80,2,10,2,3,7,7,7,7
"73",26,"No","Travel_Frequently",575,"Research & Development",1,2,"Life Sciences",1,792,1,"Female",71,1,1,"Laboratory Technician",4,"Divorced",4364,5288,3,"Y","No",14,3,1,80,1,5,2,3,2,2,2,0
"74",56,"No","Travel_Rarely",1369,"Research & Development",23,3,"Life Sciences",1,1373,4,"Male",68,3,4,"Manufacturing Director",2,"Married",13402,18235,4,"Y","Yes",12,3,1,80,1,33,0,3,19,16,15,9
"75",49,"Yes","Travel_Rarely",1184,"Sales",11,3,"Marketing",1,840,3,"Female",43,3,3,"Sales Executive",4,"Married",7654,5860,1,"Y","No",18,3,1,80,2,9,3,4,9,8,7,7
"76",32,"No","Travel_Rarely",495,"Research & Development",10,3,"Medical",1,1516,3,"Male",64,3,3,"Manager",4,"Single",11244,21072,2,"Y","No",25,4,2,80,0,10,5,4,5,2,0,0
"77",47,"Yes","Travel_Frequently",1093,"Sales",9,3,"Life Sciences",1,1716,3,"Male",82,1,4,"Sales Executive",3,"Married",12936,24164,7,"Y","No",11,3,3,80,0,25,3,1,23,5,14,10
"78",56,"No","Travel_Frequently",906,"Sales",6,3,"Life Sciences",1,532,3,"Female",86,4,4,"Sales Executive",1,"Married",13212,18256,9,"Y","No",11,3,4,80,3,36,0,2,7,7,7,7
"79",45,"No","Travel_Rarely",1316,"Research & Development",29,3,"Medical",1,192,3,"Male",83,3,1,"Research Scientist",4,"Single",3452,9752,5,"Y","No",13,3,2,80,0,9,2,2,6,5,0,3
"80",57,"No","Travel_Rarely",593,"Research & Development",1,4,"Medical",1,482,4,"Male",88,3,2,"Healthcare Representative",3,"Married",6755,2967,2,"Y","No",11,3,3,80,0,15,2,3,3,2,1,2
"81",41,"Yes","Travel_Rarely",1102,"Sales",1,2,"Life Sciences",1,1,2,"Female",94,3,2,"Sales Executive",4,"Single",5993,19479,8,"Y","Yes",11,3,1,80,0,8,0,1,6,4,0,5
"82",27,"Yes","Travel_Rarely",135,"Research & Development",17,4,"Life Sciences",1,1405,4,"Female",51,3,1,"Research Scientist",3,"Single",2394,25681,1,"Y","Yes",13,3,4,80,0,8,2,3,8,2,7,7
"83",29,"Yes","Travel_Rarely",805,"Research & Development",1,2,"Life Sciences",1,816,2,"Female",36,2,1,"Laboratory Technician",1,"Married",2319,6689,1,"Y","Yes",11,3,4,80,1,1,1,3,1,0,0,0
"84",35,"No","Travel_Rarely",750,"Research & Development",28,3,"Life Sciences",1,1596,2,"Male",46,4,2,"Laboratory Technician",3,"Married",3407,25348,1,"Y","No",17,3,4,80,2,10,3,2,10,9,6,8
"85",40,"No","Travel_Frequently",1395,"Research & Development",26,3,"Medical",1,202,2,"Female",54,3,2,"Research Scientist",2,"Divorced",5605,8504,1,"Y","No",11,3,1,80,1,20,2,3,20,7,2,13
"86",31,"No","Travel_Rarely",1079,"Sales",10,2,"Medical",1,1912,3,"Female",86,3,2,"Sales Executive",4,"Divorced",6583,20115,2,"Y","Yes",11,3,4,80,1,8,2,3,5,2,1,4
"87",40,"No","Travel_Rarely",989,"Research & Development",4,1,"Medical",1,253,4,"Female",46,3,5,"Manager",3,"Married",19033,6499,1,"Y","No",14,3,2,80,1,21,2,3,20,8,9,9
"88",22,"No","Travel_Rarely",604,"Research & Development",6,1,"Medical",1,675,1,"Male",69,3,1,"Research Scientist",3,"Married",2773,12145,0,"Y","No",20,4,4,80,0,3,3,3,2,2,2,2
"89",34,"Yes","Non-Travel",967,"Research & Development",16,4,"Technical Degree",1,1905,4,"Male",85,1,1,"Research Scientist",1,"Married",2307,14460,1,"Y","Yes",23,4,2,80,1,5,2,3,5,2,3,0
"90",38,"No","Non-Travel",1327,"Sales",2,2,"Life Sciences",1,361,4,"Male",39,2,2,"Sales Executive",4,"Married",5249,19682,3,"Y","No",18,3,4,80,1,13,0,3,8,7,7,5
"91",19,"Yes","Travel_Rarely",303,"Research & Development",2,3,"Life Sciences",1,243,2,"Male",47,2,1,"Laboratory Technician",4,"Single",1102,9241,1,"Y","No",22,4,3,80,0,1,3,2,1,0,1,0
"92",35,"No","Travel_Rarely",1224,"Sales",7,4,"Life Sciences",1,1962,3,"Female",55,3,2,"Sales Executive",4,"Married",5204,13586,1,"Y","Yes",11,3,4,80,0,10,2,3,10,8,0,9
"93",45,"No","Travel_Rarely",374,"Sales",20,3,"Life Sciences",1,2046,4,"Female",50,3,2,"Sales Executive",3,"Single",4850,23333,8,"Y","No",15,3,3,80,0,8,3,3,5,3,0,1
"94",25,"No","Travel_Frequently",772,"Research & Development",2,1,"Life Sciences",1,1653,4,"Male",77,4,2,"Manufacturing Director",3,"Divorced",5206,4973,1,"Y","No",17,3,3,80,2,7,6,3,7,7,0,7
"95",39,"No","Travel_Rarely",903,"Sales",2,5,"Life Sciences",1,985,1,"Male",41,4,3,"Sales Executive",3,"Single",7880,2560,0,"Y","No",18,3,4,80,0,9,3,3,8,7,0,7
"96",28,"No","Travel_Rarely",995,"Research & Development",9,3,"Medical",1,930,3,"Female",77,3,1,"Research Scientist",3,"Divorced",2377,9834,5,"Y","No",18,3,2,80,1,6,2,3,2,2,2,2
"97",36,"No","Travel_Rarely",329,"Research & Development",2,3,"Life Sciences",1,501,4,"Female",96,3,1,"Research Scientist",3,"Married",2543,11868,4,"Y","No",13,3,2,80,1,6,3,3,2,2,2,2
"98",38,"No","Travel_Rarely",343,"Research & Development",15,2,"Life Sciences",1,461,3,"Male",92,2,3,"Research Director",4,"Divorced",11510,15682,0,"Y","Yes",14,3,2,80,1,12,3,3,11,10,2,9
"99",37,"No","Travel_Frequently",1278,"Sales",1,4,"Medical",1,1700,3,"Male",31,1,2,"Sales Executive",4,"Divorced",9525,7677,1,"Y","No",14,3,3,80,2,6,2,2,6,3,1,3
"100",27,"No","Travel_Frequently",829,"Sales",8,1,"Marketing",1,800,3,"Male",84,3,2,"Sales Executive",4,"Married",4342,24008,0,"Y","No",19,3,2,80,1,5,3,3,4,2,1,1
"101",31,"Yes","Travel_Frequently",1060,"Sales",1,3,"Life Sciences",1,1331,4,"Female",54,3,1,"Sales Representative",2,"Single",2302,8319,1,"Y","Yes",11,3,1,80,0,3,2,4,3,2,2,2
"102",31,"No","Travel_Rarely",192,"Research & Development",2,4,"Life Sciences",1,426,3,"Male",32,3,1,"Research Scientist",4,"Divorced",2695,7747,0,"Y","Yes",18,3,2,80,1,3,2,1,2,2,2,2
"103",49,"No","Travel_Frequently",636,"Research & Development",10,4,"Life Sciences",1,396,3,"Female",35,3,5,"Research Director",1,"Single",18665,25594,9,"Y","Yes",11,3,4,80,0,22,4,3,3,2,1,2
"104",36,"No","Non-Travel",1351,"Research & Development",9,4,"Life Sciences",1,1949,1,"Male",66,4,1,"Laboratory Technician",2,"Married",2810,9238,1,"Y","No",22,4,2,80,0,5,3,3,5,4,0,2
"105",44,"No","Travel_Rarely",986,"Research & Development",8,4,"Life Sciences",1,874,1,"Male",62,4,1,"Laboratory Technician",4,"Married",2818,5044,2,"Y","Yes",24,4,3,80,1,10,2,2,3,2,0,2
"106",42,"No","Travel_Rarely",201,"Research & Development",1,4,"Life Sciences",1,517,2,"Female",95,3,1,"Laboratory Technician",1,"Divorced",2576,20490,3,"Y","No",16,3,2,80,1,8,5,3,5,2,1,2
"107",43,"No","Travel_Frequently",775,"Sales",15,3,"Life Sciences",1,754,4,"Male",47,2,2,"Sales Executive",4,"Married",6804,23683,3,"Y","No",18,3,3,80,1,7,5,3,2,2,2,2
"108",36,"No","Travel_Rarely",335,"Sales",17,2,"Marketing",1,1908,3,"Male",33,2,2,"Sales Executive",2,"Married",5507,16822,2,"Y","No",16,3,3,80,2,12,1,1,4,2,1,3
"109",36,"Yes","Travel_Rarely",1218,"Sales",9,4,"Life Sciences",1,27,3,"Male",82,2,1,"Sales Representative",1,"Single",3407,6986,7,"Y","No",23,4,2,80,0,10,4,3,5,3,0,3
"110",28,"Yes","Travel_Rarely",1434,"Research & Development",5,4,"Technical Degree",1,65,3,"Male",50,3,1,"Laboratory Technician",3,"Single",3441,11179,1,"Y","Yes",13,3,3,80,0,2,3,2,2,2,2,2
"111",59,"No","Travel_Rarely",1324,"Research & Development",3,3,"Medical",1,10,3,"Female",81,4,1,"Laboratory Technician",1,"Married",2670,9964,4,"Y","Yes",20,4,1,80,3,12,3,2,1,0,0,0
"112",31,"No","Travel_Rarely",525,"Sales",6,4,"Medical",1,653,1,"Male",66,4,2,"Sales Executive",4,"Divorced",5460,6219,4,"Y","No",22,4,4,80,2,13,4,4,7,7,5,7
"113",34,"No","Travel_Rarely",182,"Research & Development",1,4,"Life Sciences",1,797,2,"Female",72,4,1,"Research Scientist",4,"Single",3280,13551,2,"Y","No",16,3,3,80,0,10,2,3,4,2,1,3
"114",37,"No","Travel_Frequently",663,"Research & Development",11,3,"Other",1,306,2,"Male",47,3,3,"Research Director",4,"Divorced",12185,10056,1,"Y","Yes",14,3,3,80,3,10,1,3,10,8,0,7
"115",31,"Yes","Travel_Rarely",202,"Research & Development",8,3,"Life Sciences",1,1433,1,"Female",34,2,1,"Research Scientist",2,"Single",1261,22262,1,"Y","No",12,3,3,80,0,1,3,4,1,0,0,0
"116",26,"No","Travel_Rarely",157,"Research & Development",1,3,"Medical",1,1952,3,"Male",95,3,1,"Laboratory Technician",1,"Single",2867,20006,0,"Y","No",13,3,4,80,0,8,6,2,7,7,7,6
"117",53,"No","Travel_Frequently",124,"Sales",2,3,"Marketing",1,1050,3,"Female",38,2,3,"Sales Executive",2,"Married",7525,23537,2,"Y","No",12,3,1,80,1,30,2,3,15,7,6,12
"118",43,"No","Travel_Frequently",559,"Research & Development",10,4,"Life Sciences",1,448,3,"Female",82,2,2,"Laboratory Technician",3,"Divorced",5257,6227,1,"Y","No",11,3,2,80,1,9,3,4,9,7,0,0
"119",56,"No","Travel_Rarely",1255,"Research & Development",1,2,"Life Sciences",1,1441,1,"Female",90,3,1,"Research Scientist",1,"Married",2066,10494,2,"Y","No",22,4,4,80,1,5,3,4,3,2,1,0
"120",49,"No","Travel_Rarely",301,"Research & Development",22,4,"Other",1,1655,1,"Female",72,3,4,"Research Director",2,"Married",16413,3498,3,"Y","No",16,3,2,80,2,27,2,3,4,2,1,2
"121",22,"Yes","Travel_Frequently",1368,"Research & Development",4,1,"Technical Degree",1,593,3,"Male",99,2,1,"Laboratory Technician",3,"Single",3894,9129,5,"Y","No",16,3,3,80,0,4,3,3,2,2,1,2
"122",32,"No","Travel_Rarely",128,"Research & Development",2,1,"Technical Degree",1,362,4,"Male",84,2,2,"Laboratory Technician",1,"Single",2176,19737,4,"Y","No",13,3,4,80,0,9,5,3,6,2,0,4
"123",46,"No","Travel_Rarely",1125,"Sales",10,3,"Marketing",1,580,3,"Female",94,2,3,"Sales Executive",4,"Married",9071,11563,2,"Y","Yes",19,3,3,80,1,15,3,3,3,2,1,2
"124",24,"Yes","Travel_Rarely",984,"Research & Development",17,2,"Life Sciences",1,1219,4,"Female",97,3,1,"Laboratory Technician",2,"Married",2210,3372,1,"Y","No",13,3,1,80,1,1,3,1,1,0,0,0
"125",42,"No","Travel_Rarely",469,"Research & Development",2,2,"Medical",1,1109,4,"Male",35,3,4,"Manager",1,"Married",17665,14399,0,"Y","No",17,3,4,80,1,23,3,3,22,6,13,7
"126",55,"No","Non-Travel",177,"Research & Development",8,1,"Medical",1,1278,4,"Male",37,2,4,"Healthcare Representative",2,"Divorced",13577,25592,1,"Y","Yes",15,3,4,80,1,34,3,3,33,9,15,0
"127",35,"No","Travel_Frequently",1182,"Sales",11,2,"Marketing",1,1137,4,"Male",54,3,2,"Sales Executive",4,"Divorced",4968,18500,1,"Y","No",11,3,4,80,1,5,3,3,5,2,0,2
"128",54,"No","Travel_Rarely",431,"Research & Development",7,4,"Medical",1,1830,4,"Female",68,3,2,"Research Scientist",4,"Married",6854,15696,4,"Y","No",15,3,2,80,1,14,2,2,7,1,1,7
"129",40,"Yes","Travel_Rarely",1329,"Research & Development",7,3,"Life Sciences",1,1649,1,"Male",73,3,1,"Laboratory Technician",1,"Single",2166,3339,3,"Y","Yes",14,3,2,80,0,10,3,1,4,2,0,3
"130",53,"No","Travel_Rarely",102,"Research & Development",23,4,"Life Sciences",1,901,4,"Female",72,3,4,"Research Director",4,"Single",14275,20206,6,"Y","No",18,3,3,80,0,33,0,3,12,9,3,8
"131",55,"No","Travel_Rarely",452,"Research & Development",1,3,"Medical",1,374,4,"Male",81,3,5,"Manager",1,"Single",19045,18938,0,"Y","Yes",14,3,3,80,0,37,2,3,36,10,4,13
"132",38,"No","Travel_Rarely",723,"Sales",2,4,"Marketing",1,1835,2,"Female",77,1,2,"Sales Representative",4,"Married",5405,4244,2,"Y","Yes",20,4,1,80,2,20,4,2,4,2,0,3
"133",54,"No","Travel_Rarely",548,"Research & Development",8,4,"Life Sciences",1,578,3,"Female",42,3,2,"Laboratory Technician",3,"Single",3780,23428,7,"Y","No",11,3,3,80,0,19,3,3,1,0,0,0
"134",33,"No","Travel_Rarely",213,"Research & Development",7,3,"Medical",1,817,3,"Male",49,3,3,"Research Director",3,"Married",11691,25995,0,"Y","No",11,3,4,80,0,14,3,4,13,9,3,7
"135",32,"No","Travel_Rarely",334,"Research & Development",5,2,"Life Sciences",1,21,1,"Male",80,4,1,"Research Scientist",2,"Divorced",3298,15053,0,"Y","Yes",12,3,4,80,2,7,5,2,6,2,0,5
"136",33,"No","Non-Travel",722,"Sales",17,3,"Life Sciences",1,992,4,"Male",38,3,4,"Manager",3,"Single",17444,20489,1,"Y","No",11,3,4,80,0,10,2,3,10,8,6,0
"137",31,"Yes","Travel_Rarely",1079,"Sales",16,4,"Marketing",1,1761,1,"Male",70,3,3,"Sales Executive",3,"Married",8161,19002,2,"Y","No",13,3,1,80,3,10,2,3,1,0,0,0
"138",54,"No","Travel_Frequently",1050,"Research & Development",11,4,"Medical",1,1520,2,"Female",87,3,4,"Manager",4,"Divorced",16032,24456,3,"Y","No",20,4,1,80,1,26,2,3,14,9,1,12
"139",35,"No","Travel_Frequently",200,"Research & Development",18,2,"Life Sciences",1,1412,3,"Male",60,3,3,"Manufacturing Director",4,"Single",9362,19944,2,"Y","No",11,3,3,80,0,10,2,3,2,2,2,2
"140",31,"No","Travel_Rarely",828,"Sales",2,1,"Life Sciences",1,604,2,"Male",77,3,2,"Sales Executive",4,"Single",6582,8346,4,"Y","Yes",13,3,3,80,0,10,2,4,6,5,0,5
"141",49,"No","Travel_Frequently",279,"Research & Development",8,1,"Life Sciences",1,2,3,"Male",61,2,2,"Research Scientist",2,"Married",5130,24907,1,"Y","No",23,4,4,80,1,10,3,3,10,7,1,7
"142",31,"No","Travel_Frequently",1125,"Sales",7,4,"Marketing",1,1833,1,"Female",68,3,3,"Sales Executive",1,"Married",9637,8277,2,"Y","No",14,3,4,80,2,9,3,3,3,2,2,2
"143",26,"Yes","Non-Travel",265,"Sales",29,2,"Medical",1,1037,2,"Male",79,1,2,"Sales Executive",1,"Single",4969,21813,8,"Y","No",18,3,4,80,0,7,6,3,2,2,2,2
"144",42,"No","Travel_Rarely",1265,"Research & Development",3,3,"Life Sciences",1,894,3,"Female",95,4,2,"Laboratory Technician",4,"Married",5231,23726,2,"Y","Yes",13,3,2,80,1,17,1,2,5,3,1,3
"145",24,"No","Non-Travel",673,"Research & Development",11,2,"Other",1,26,1,"Female",96,4,2,"Manufacturing Director",3,"Divorced",4011,8232,0,"Y","No",18,3,4,80,1,5,5,2,4,2,1,3
"146",34,"No","Travel_Rarely",735,"Sales",3,1,"Medical",1,1915,4,"Female",75,2,2,"Sales Executive",4,"Married",8103,16495,3,"Y","Yes",12,3,3,80,0,9,3,2,4,2,0,1
"147",35,"Yes","Travel_Rarely",622,"Research & Development",14,4,"Other",1,1010,3,"Male",39,2,1,"Laboratory Technician",2,"Divorced",3743,10074,1,"Y","Yes",24,4,4,80,1,5,2,1,4,2,0,2
"148",34,"No","Travel_Rarely",810,"Sales",8,2,"Technical Degree",1,1823,2,"Male",92,4,2,"Sales Executive",3,"Married",6799,22128,1,"Y","No",21,4,3,80,2,10,5,3,10,8,4,8
"149",33,"Yes","Travel_Rarely",465,"Research & Development",2,2,"Life Sciences",1,328,1,"Female",39,3,1,"Laboratory Technician",1,"Married",2707,21509,7,"Y","No",20,4,1,80,0,13,3,4,9,7,1,7
"150",18,"Yes","Travel_Frequently",544,"Sales",3,2,"Medical",1,1624,2,"Female",70,3,1,"Sales Representative",4,"Single",1569,18420,1,"Y","Yes",12,3,3,80,0,0,2,4,0,0,0,0
"151",31,"No","Travel_Rarely",616,"Research & Development",12,3,"Medical",1,961,4,"Female",41,3,2,"Healthcare Representative",4,"Married",5855,17369,0,"Y","Yes",11,3,3,80,2,10,2,1,9,7,8,5
"152",40,"No","Travel_Frequently",1184,"Sales",2,4,"Medical",1,1212,2,"Male",62,3,2,"Sales Executive",2,"Married",4327,25440,5,"Y","No",12,3,4,80,3,5,2,3,0,0,0,0
"153",24,"No","Travel_Rarely",1353,"Sales",3,2,"Other",1,128,1,"Female",33,3,2,"Sales Executive",3,"Married",4999,17519,0,"Y","No",21,4,1,80,1,4,2,2,3,2,0,2
"154",30,"No","Travel_Rarely",241,"Research & Development",7,3,"Medical",1,1609,2,"Male",48,2,1,"Research Scientist",2,"Married",2141,5348,1,"Y","No",12,3,2,80,1,6,3,2,6,4,1,1
"155",32,"Yes","Travel_Rarely",964,"Sales",1,2,"Life Sciences",1,1734,1,"Male",34,1,2,"Sales Executive",2,"Single",6735,12147,6,"Y","No",15,3,2,80,0,10,2,3,0,0,0,0
"156",33,"No","Non-Travel",775,"Research & Development",4,3,"Technical Degree",1,1771,4,"Male",90,3,2,"Research Scientist",2,"Divorced",3055,6194,5,"Y","No",15,3,4,80,2,11,2,2,9,8,1,7
"157",28,"Yes","Travel_Rarely",890,"Research & Development",2,4,"Medical",1,828,3,"Male",46,3,1,"Research Scientist",3,"Single",4382,16374,6,"Y","No",17,3,4,80,0,5,3,2,2,2,2,1
"158",43,"No","Travel_Rarely",1001,"Research & Development",7,3,"Life Sciences",1,451,3,"Female",43,3,3,"Healthcare Representative",1,"Married",9985,9262,8,"Y","No",16,3,1,80,1,10,1,2,1,0,0,0
"159",47,"No","Travel_Rarely",1225,"Sales",2,4,"Life Sciences",1,1676,2,"Female",47,4,4,"Manager",2,"Divorced",15972,21086,6,"Y","No",14,3,3,80,3,29,2,3,3,2,1,2
"160",53,"No","Non-Travel",661,"Research & Development",1,4,"Medical",1,1775,1,"Female",60,2,4,"Manufacturing Director",3,"Married",12965,22308,4,"Y","Yes",20,4,4,80,3,27,2,2,3,2,0,2
"161",19,"No","Travel_Rarely",1181,"Research & Development",3,1,"Medical",1,201,2,"Female",79,3,1,"Laboratory Technician",2,"Single",1483,16102,1,"Y","No",14,3,4,80,0,1,3,3,1,0,0,0
"162",52,"No","Travel_Rarely",319,"Research & Development",3,3,"Medical",1,543,4,"Male",39,2,3,"Manufacturing Director",3,"Married",7969,19609,2,"Y","Yes",14,3,3,80,0,28,4,3,5,4,0,4
"163",35,"No","Travel_Rarely",890,"Sales",2,3,"Marketing",1,49,4,"Female",97,3,1,"Sales Representative",4,"Married",2014,9687,1,"Y","No",13,3,1,80,0,2,3,3,2,2,2,2
"164",37,"No","Travel_Rarely",558,"Sales",2,3,"Marketing",1,656,4,"Male",75,3,2,"Sales Executive",3,"Married",9602,3010,4,"Y","Yes",11,3,3,80,1,17,3,2,3,0,1,0
"165",45,"No","Travel_Frequently",364,"Research & Development",25,3,"Medical",1,1306,2,"Female",83,3,5,"Manager",2,"Single",18061,13035,3,"Y","No",22,4,3,80,0,22,4,3,0,0,0,0
"166",56,"No","Non-Travel",667,"Research & Development",1,4,"Life Sciences",1,2026,3,"Male",57,3,2,"Healthcare Representative",3,"Divorced",6306,26236,1,"Y","No",21,4,1,80,1,13,2,2,13,12,1,9
"167",30,"No","Non-Travel",641,"Sales",25,2,"Technical Degree",1,475,4,"Female",85,3,2,"Sales Executive",3,"Married",4736,6069,7,"Y","Yes",12,3,2,80,1,4,2,4,2,2,2,2
"168",39,"No","Travel_Rarely",1253,"Research & Development",10,1,"Medical",1,1800,3,"Male",65,3,3,"Research Director",3,"Single",13464,7914,7,"Y","No",21,4,3,80,0,9,3,3,4,3,2,2
"169",37,"No","Travel_Rarely",1017,"Research & Development",1,2,"Medical",1,340,3,"Female",83,2,1,"Research Scientist",1,"Married",3920,18697,2,"Y","No",14,3,1,80,1,17,2,2,3,1,0,2
"170",29,"No","Travel_Rarely",1086,"Research & Development",7,1,"Medical",1,912,1,"Female",62,2,1,"Laboratory Technician",4,"Divorced",2532,6054,6,"Y","No",14,3,3,80,3,8,5,3,4,3,0,3
"171",55,"Yes","Travel_Rarely",436,"Sales",2,1,"Medical",1,842,3,"Male",37,3,2,"Sales Executive",4,"Single",5160,21519,4,"Y","No",16,3,3,80,0,12,3,2,9,7,7,3
"172",30,"No","Travel_Rarely",1358,"Research & Development",24,1,"Life Sciences",1,11,4,"Male",67,3,1,"Laboratory Technician",3,"Divorced",2693,13335,1,"Y","No",22,4,2,80,1,1,2,3,1,0,0,0
"173",44,"No","Non-Travel",381,"Research & Development",24,3,"Medical",1,744,1,"Male",49,1,1,"Laboratory Technician",3,"Single",3708,2104,2,"Y","No",14,3,3,80,0,9,5,3,5,2,1,4
"174",27,"No","Travel_Rarely",1055,"Research & Development",2,4,"Life Sciences",1,1027,1,"Female",47,3,2,"Manufacturing Director",4,"Married",4227,4658,0,"Y","No",18,3,2,80,1,4,2,3,3,2,2,2
"175",39,"Yes","Non-Travel",592,"Research & Development",2,3,"Life Sciences",1,1458,1,"Female",54,2,1,"Laboratory Technician",1,"Single",3646,17181,2,"Y","Yes",23,4,2,80,0,11,2,4,1,0,0,0
"176",35,"No","Travel_Rarely",1258,"Research & Development",1,4,"Life Sciences",1,826,4,"Female",40,4,1,"Research Scientist",3,"Single",2506,13301,3,"Y","No",13,3,3,80,0,7,0,3,2,2,2,2
"177",55,"No","Travel_Rarely",1311,"Research & Development",2,3,"Life Sciences",1,505,3,"Female",97,3,4,"Manager",4,"Single",16659,23258,2,"Y","Yes",13,3,3,80,0,30,2,3,5,4,1,2
"178",29,"Yes","Travel_Frequently",115,"Sales",13,3,"Technical Degree",1,1487,1,"Female",51,3,2,"Sales Executive",2,"Single",5765,17485,5,"Y","No",11,3,1,80,0,7,4,1,5,3,0,0
"179",59,"No","Travel_Rarely",818,"Human Resources",6,2,"Medical",1,321,2,"Male",52,3,1,"Human Resources",3,"Married",2267,25657,8,"Y","No",17,3,4,80,0,7,2,2,2,2,2,2
"180",38,"No","Travel_Frequently",1189,"Research & Development",1,3,"Life Sciences",1,1668,4,"Male",90,3,2,"Research Scientist",4,"Married",4735,9867,7,"Y","No",15,3,4,80,2,19,4,4,13,11,2,9
"181",29,"No","Travel_Rarely",694,"Research & Development",1,3,"Life Sciences",1,1264,4,"Female",87,2,4,"Research Director",4,"Divorced",16124,3423,3,"Y","No",14,3,2,80,2,9,2,2,7,7,1,7
"182",47,"No","Travel_Rarely",955,"Sales",4,2,"Life Sciences",1,1003,4,"Female",83,3,2,"Sales Executive",4,"Single",4163,8571,1,"Y","Yes",17,3,3,80,0,9,0,3,9,0,0,7
"183",36,"No","Non-Travel",217,"Research & Development",18,4,"Life Sciences",1,1133,1,"Male",78,3,2,"Manufacturing Director",4,"Single",7779,23238,2,"Y","No",20,4,1,80,0,18,0,3,11,9,0,9
"184",34,"Yes","Non-Travel",1362,"Sales",19,3,"Marketing",1,502,1,"Male",67,4,2,"Sales Executive",4,"Single",5304,4652,8,"Y","Yes",13,3,2,80,0,9,3,2,5,2,0,4
"185",38,"No","Travel_Rarely",397,"Research & Development",2,2,"Medical",1,1638,4,"Female",54,2,3,"Manufacturing Director",3,"Married",7756,14199,3,"Y","Yes",19,3,4,80,1,10,6,4,5,4,0,2
"186",28,"Yes","Travel_Rarely",1157,"Research & Development",2,4,"Medical",1,440,1,"Male",84,1,1,"Research Scientist",4,"Married",3464,24737,5,"Y","Yes",13,3,4,80,0,5,4,2,3,2,2,2
"187",46,"No","Travel_Rarely",406,"Sales",3,1,"Marketing",1,1124,1,"Male",52,3,4,"Manager",3,"Married",17465,15596,3,"Y","No",12,3,4,80,1,23,3,3,12,9,4,9
"188",44,"No","Travel_Rarely",170,"Research & Development",1,4,"Life Sciences",1,1903,2,"Male",78,4,2,"Healthcare Representative",1,"Married",5033,9364,2,"Y","No",15,3,4,80,1,10,5,3,2,0,2,2
"189",30,"No","Travel_Rarely",1092,"Research & Development",10,3,"Medical",1,1816,1,"Female",64,3,3,"Manufacturing Director",3,"Single",9667,2739,9,"Y","No",14,3,2,80,0,9,3,3,7,7,0,2
"190",29,"No","Travel_Rarely",1329,"Research & Development",7,3,"Life Sciences",1,1260,3,"Male",82,3,2,"Healthcare Representative",4,"Divorced",6623,4204,1,"Y","Yes",11,3,2,80,2,6,2,3,6,0,1,0
"191",52,"No","Travel_Rarely",1323,"Research & Development",2,3,"Life Sciences",1,316,3,"Female",89,2,1,"Laboratory Technician",4,"Single",3212,3300,7,"Y","No",15,3,2,80,0,6,3,2,2,2,2,2
"192",33,"Yes","Travel_Rarely",587,"Research & Development",10,1,"Medical",1,584,1,"Male",38,1,1,"Laboratory Technician",4,"Divorced",3408,6705,7,"Y","No",13,3,1,80,3,8,2,3,4,3,1,3
"193",30,"No","Travel_Rarely",231,"Sales",8,2,"Other",1,982,3,"Male",62,3,3,"Sales Executive",3,"Divorced",7264,9977,5,"Y","No",11,3,1,80,1,10,2,4,8,4,7,7
"194",32,"No","Travel_Rarely",1093,"Sales",6,4,"Medical",1,125,2,"Male",87,3,2,"Sales Executive",3,"Single",5010,24301,1,"Y","No",16,3,1,80,0,12,0,3,11,8,5,7
"195",44,"No","Travel_Frequently",1193,"Research & Development",2,1,"Medical",1,1496,2,"Male",86,3,3,"Manufacturing Director",3,"Single",10209,19719,5,"Y","Yes",18,3,2,80,0,16,2,2,2,2,2,2
"196",28,"No","Travel_Frequently",783,"Sales",1,2,"Life Sciences",1,1927,3,"Male",42,2,2,"Sales Executive",4,"Married",6834,19255,1,"Y","Yes",12,3,3,80,1,7,2,3,7,7,0,7
"197",37,"No","Travel_Rarely",408,"Research & Development",19,2,"Life Sciences",1,61,2,"Male",73,3,1,"Research Scientist",2,"Married",3022,10227,4,"Y","No",21,4,1,80,0,8,1,3,1,0,0,0
"198",40,"No","Travel_Rarely",658,"Sales",10,4,"Marketing",1,954,1,"Male",67,2,3,"Sales Executive",2,"Divorced",9705,20652,2,"Y","No",12,3,2,80,1,11,2,2,1,0,0,0
"199",27,"No","Travel_Rarely",1115,"Research & Development",3,4,"Medical",1,700,1,"Male",54,2,1,"Research Scientist",4,"Single",2045,15174,0,"Y","No",13,3,4,80,0,5,0,3,4,2,1,1
"200",51,"No","Travel_Rarely",770,"Human Resources",5,3,"Life Sciences",1,1352,3,"Male",84,3,4,"Manager",2,"Divorced",14026,17588,1,"Y","Yes",11,3,2,80,1,33,2,3,33,9,0,10
"201",25,"Yes","Travel_Rarely",1219,"Research & Development",4,1,"Technical Degree",1,1106,4,"Male",32,3,1,"Laboratory Technician",4,"Married",3691,4605,1,"Y","Yes",15,3,2,80,1,7,3,4,7,7,5,6
"202",35,"No","Travel_Rarely",1229,"Research & Development",8,1,"Life Sciences",1,63,4,"Male",36,4,1,"Laboratory Technician",4,"Married",2269,4892,1,"Y","No",19,3,4,80,0,1,2,3,1,0,0,1
"203",36,"No","Travel_Rarely",1266,"Sales",10,4,"Technical Degree",1,1880,2,"Female",63,2,2,"Sales Executive",3,"Married",5673,6060,1,"Y","Yes",13,3,1,80,1,10,4,3,10,9,1,7
"204",42,"No","Travel_Rarely",1059,"Research & Development",9,2,"Other",1,1595,4,"Male",93,2,5,"Manager",4,"Single",19613,26362,8,"Y","No",22,4,4,80,0,24,2,3,1,0,0,1
"205",49,"No","Travel_Rarely",464,"Research & Development",16,3,"Medical",1,1674,4,"Female",74,3,1,"Laboratory Technician",1,"Divorced",2587,24941,4,"Y","Yes",16,3,2,80,1,17,2,2,2,2,2,2
"206",34,"No","Travel_Rarely",1397,"Research & Development",1,5,"Life Sciences",1,683,2,"Male",42,3,1,"Research Scientist",4,"Married",2691,7660,1,"Y","No",12,3,4,80,1,10,4,2,10,9,8,8
"207",49,"No","Travel_Rarely",809,"Research & Development",1,3,"Life Sciences",1,1677,3,"Male",36,3,4,"Manager",3,"Single",15379,22384,4,"Y","No",14,3,1,80,0,23,2,3,8,7,0,0
"208",45,"No","Travel_Rarely",1005,"Research & Development",28,2,"Technical Degree",1,1719,4,"Female",48,2,4,"Research Director",2,"Single",16704,17119,1,"Y","No",11,3,3,80,0,21,2,3,21,6,8,6
"209",44,"No","Travel_Rarely",1315,"Research & Development",3,4,"Other",1,671,4,"Male",35,3,5,"Manager",4,"Married",19513,9358,4,"Y","Yes",12,3,1,80,1,26,2,4,2,2,0,1
"210",34,"No","Non-Travel",999,"Research & Development",26,1,"Technical Degree",1,1374,1,"Female",92,2,1,"Research Scientist",3,"Divorced",2029,15891,1,"Y","No",20,4,3,80,3,5,2,3,5,4,0,0
"211",34,"No","Travel_Rarely",1320,"Research & Development",20,3,"Technical Degree",1,1265,3,"Female",89,4,1,"Research Scientist",3,"Married",2585,21643,0,"Y","No",17,3,4,80,0,2,5,2,1,0,0,0
"212",27,"No","Travel_Rarely",1240,"Research & Development",2,4,"Life Sciences",1,54,4,"Female",33,3,1,"Laboratory Technician",1,"Divorced",2341,19715,1,"Y","No",13,3,4,80,1,1,6,3,1,0,0,0
"213",55,"No","Travel_Rarely",282,"Research & Development",2,2,"Medical",1,1336,4,"Female",58,1,5,"Manager",3,"Married",19187,6992,4,"Y","No",14,3,4,80,1,23,5,3,19,9,9,11
"214",35,"No","Travel_Rarely",1276,"Research & Development",16,3,"Life Sciences",1,586,4,"Male",72,3,3,"Healthcare Representative",3,"Married",7632,14295,4,"Y","Yes",12,3,3,80,0,10,2,3,8,7,0,0
"215",45,"No","Travel_Rarely",1339,"Research & Development",7,3,"Life Sciences",1,86,2,"Male",59,3,3,"Research Scientist",1,"Divorced",9724,18787,2,"Y","No",17,3,3,80,1,25,2,3,1,0,0,0
"216",31,"No","Non-Travel",979,"Research & Development",1,4,"Medical",1,308,3,"Male",90,1,2,"Manufacturing Director",3,"Married",4345,4381,0,"Y","No",12,3,4,80,1,6,2,3,5,4,1,4
"217",34,"Yes","Travel_Rarely",699,"Research & Development",6,1,"Medical",1,31,2,"Male",83,3,1,"Research Scientist",1,"Single",2960,17102,2,"Y","No",11,3,3,80,0,8,2,3,4,2,1,3
"218",29,"No","Travel_Rarely",1396,"Sales",10,3,"Life Sciences",1,749,3,"Male",99,3,1,"Sales Representative",3,"Single",2642,2755,1,"Y","No",11,3,3,80,0,1,6,3,1,0,0,0
"219",36,"No","Travel_Frequently",1480,"Research & Development",3,2,"Medical",1,238,4,"Male",30,3,1,"Laboratory Technician",2,"Single",2088,15062,4,"Y","No",12,3,3,80,0,13,3,2,8,7,7,2
"220",45,"No","Non-Travel",589,"Sales",2,4,"Life Sciences",1,1845,3,"Female",67,3,2,"Sales Executive",3,"Married",5154,19665,4,"Y","No",22,4,2,80,2,10,3,4,8,7,5,7
"221",39,"No","Travel_Rarely",117,"Research & Development",10,1,"Medical",1,429,3,"Male",99,3,4,"Manager",1,"Married",17068,5355,1,"Y","Yes",14,3,4,80,0,21,3,3,21,9,11,10
"222",22,"No","Travel_Rarely",217,"Research & Development",8,1,"Life Sciences",1,1019,2,"Male",94,1,1,"Laboratory Technician",1,"Married",2451,6881,1,"Y","No",15,3,1,80,1,4,3,2,4,3,1,1
"223",37,"No","Non-Travel",1063,"Research & Development",25,5,"Medical",1,529,2,"Female",72,3,2,"Research Scientist",3,"Married",4449,23866,3,"Y","Yes",15,3,1,80,2,15,2,3,13,11,10,7
"224",38,"No","Travel_Rarely",268,"Research & Development",2,5,"Medical",1,773,4,"Male",92,3,1,"Research Scientist",3,"Married",3057,20471,6,"Y","Yes",13,3,2,80,1,6,0,1,1,0,0,1
"225",31,"No","Travel_Rarely",311,"Research & Development",20,3,"Life Sciences",1,1881,2,"Male",89,3,2,"Laboratory Technician",3,"Divorced",4197,18624,1,"Y","No",11,3,1,80,1,10,2,3,10,8,0,2
"226",23,"Yes","Travel_Rarely",427,"Sales",7,3,"Life Sciences",1,1702,3,"Male",99,3,1,"Sales Representative",4,"Divorced",2275,25103,1,"Y","Yes",21,4,2,80,1,3,2,3,3,2,0,2
"227",32,"No","Travel_Rarely",498,"Research & Development",3,4,"Medical",1,966,3,"Female",93,3,2,"Manufacturing Director",1,"Married",6725,13554,1,"Y","No",12,3,3,80,1,8,2,4,8,7,6,3
"228",34,"No","Travel_Frequently",1003,"Research & Development",2,2,"Life Sciences",1,1140,4,"Male",95,3,2,"Manufacturing Director",3,"Single",4033,15834,2,"Y","No",11,3,4,80,0,5,3,2,3,2,0,2
"229",40,"No","Travel_Rarely",611,"Sales",7,4,"Medical",1,1740,2,"Male",88,3,5,"Manager",2,"Single",19833,4349,1,"Y","No",14,3,2,80,0,21,3,2,21,8,12,8
"230",31,"No","Non-Travel",697,"Research & Development",10,3,"Medical",1,1979,3,"Female",40,3,3,"Research Director",3,"Married",11031,26862,4,"Y","No",20,4,3,80,1,13,2,4,11,7,4,8
"231",29,"No","Travel_Frequently",490,"Research & Development",10,3,"Life Sciences",1,1143,4,"Female",61,3,1,"Research Scientist",2,"Divorced",3291,17940,0,"Y","No",14,3,4,80,2,8,2,2,7,5,1,1
"232",48,"No","Travel_Rarely",1108,"Research & Development",15,4,"Other",1,1576,3,"Female",65,3,1,"Research Scientist",1,"Married",2367,16530,8,"Y","No",12,3,4,80,1,10,3,2,8,2,7,6
"233",35,"No","Travel_Rarely",144,"Research & Development",22,3,"Life Sciences",1,577,4,"Male",46,1,1,"Laboratory Technician",3,"Single",4230,19225,0,"Y","No",15,3,3,80,0,6,2,3,5,4,4,3
"234",38,"No","Travel_Rarely",1009,"Sales",2,2,"Life Sciences",1,1355,2,"Female",31,3,2,"Sales Executive",1,"Divorced",6893,19461,3,"Y","No",15,3,4,80,1,11,3,3,7,7,1,7
"235",24,"No","Travel_Rarely",581,"Research & Development",9,3,"Medical",1,1707,3,"Male",62,4,1,"Research Scientist",3,"Married",4401,17616,1,"Y","No",16,3,4,80,1,5,1,3,5,3,0,4
"236",31,"No","Travel_Rarely",182,"Research & Development",8,5,"Life Sciences",1,1430,1,"Female",93,3,4,"Research Director",2,"Single",16422,8847,3,"Y","No",11,3,3,80,0,9,3,4,3,2,1,0
"237",53,"No","Travel_Rarely",1282,"Research & Development",5,3,"Other",1,32,3,"Female",58,3,5,"Manager",3,"Divorced",19094,10735,4,"Y","No",11,3,4,80,1,26,3,2,14,13,4,8
"238",54,"No","Travel_Rarely",971,"Research & Development",1,3,"Medical",1,1422,4,"Female",54,3,4,"Research Director",4,"Single",17328,5652,6,"Y","No",19,3,4,80,0,29,3,2,20,7,12,7
"239",26,"No","Travel_Rarely",583,"Research & Development",4,2,"Life Sciences",1,1275,3,"Male",53,3,1,"Research Scientist",4,"Single",2875,9973,1,"Y","Yes",20,4,2,80,0,8,2,2,8,5,2,2
"240",29,"No","Travel_Rarely",1378,"Research & Development",13,2,"Other",1,2053,4,"Male",46,2,2,"Laboratory Technician",2,"Married",4025,23679,4,"Y","Yes",13,3,1,80,1,10,2,3,4,3,0,3
"241",35,"Yes","Travel_Rarely",1204,"Sales",4,3,"Technical Degree",1,1100,4,"Male",86,3,3,"Sales Executive",1,"Single",9582,10333,0,"Y","Yes",22,4,1,80,0,9,2,3,8,7,4,7
"242",30,"No","Travel_Rarely",1288,"Sales",29,4,"Technical Degree",1,1568,3,"Male",33,3,3,"Sales Executive",2,"Married",9250,17799,3,"Y","No",12,3,2,80,1,9,3,3,4,2,1,3
"243",34,"No","Travel_Rarely",970,"Research & Development",8,2,"Medical",1,757,2,"Female",96,3,2,"Healthcare Representative",3,"Single",6142,7360,3,"Y","No",11,3,4,80,0,10,2,3,5,1,4,3
"244",35,"No","Travel_Frequently",146,"Research & Development",2,4,"Medical",1,1704,1,"Male",79,2,1,"Research Scientist",4,"Single",4930,13970,0,"Y","Yes",14,3,3,80,0,6,2,4,5,4,1,4
"245",42,"No","Travel_Rarely",544,"Human Resources",2,1,"Technical Degree",1,470,3,"Male",52,3,1,"Human Resources",3,"Divorced",2696,24017,0,"Y","Yes",11,3,3,80,1,4,5,3,3,2,1,0
"246",35,"No","Travel_Rarely",1402,"Sales",28,4,"Life Sciences",1,1554,2,"Female",98,2,1,"Sales Representative",3,"Married",2430,26204,0,"Y","No",23,4,1,80,2,6,5,3,5,3,4,2
"247",38,"No","Travel_Rarely",1084,"Research & Development",29,3,"Technical Degree",1,273,4,"Male",54,3,2,"Manufacturing Director",4,"Married",6261,4185,3,"Y","No",18,3,1,80,1,9,3,1,7,7,1,7
"248",42,"No","Travel_Rarely",855,"Research & Development",12,3,"Medical",1,1768,2,"Male",57,3,1,"Laboratory Technician",2,"Divorced",2766,8952,8,"Y","No",22,4,2,80,3,7,6,2,5,3,0,4
"249",30,"Yes","Travel_Rarely",740,"Sales",1,3,"Life Sciences",1,1562,2,"Male",64,2,2,"Sales Executive",1,"Married",9714,5323,1,"Y","No",11,3,4,80,1,10,4,3,10,8,6,7
"250",27,"No","Non-Travel",210,"Sales",1,1,"Marketing",1,449,3,"Male",73,3,2,"Sales Executive",2,"Married",6349,22107,0,"Y","Yes",13,3,4,80,1,6,0,3,5,4,1,4
"251",30,"No","Travel_Rarely",793,"Research & Development",16,1,"Life Sciences",1,1729,2,"Male",33,3,1,"Research Scientist",4,"Married",2862,3811,1,"Y","No",12,3,2,80,1,10,2,2,10,0,0,8
"252",35,"No","Travel_Rarely",1232,"Sales",16,3,"Marketing",1,406,3,"Male",96,3,3,"Sales Executive",2,"Married",8020,5100,0,"Y","No",15,3,3,80,2,12,3,2,11,9,6,9
"253",29,"No","Travel_Frequently",574,"Research & Development",20,1,"Medical",1,1852,4,"Male",40,3,1,"Laboratory Technician",4,"Married",3812,7003,1,"Y","No",13,3,2,80,0,11,3,4,11,8,3,10
"254",19,"Yes","Travel_Frequently",602,"Sales",1,1,"Technical Degree",1,235,3,"Female",100,1,1,"Sales Representative",1,"Single",2325,20989,0,"Y","No",21,4,1,80,0,1,5,4,0,0,0,0
"255",34,"No","Travel_Rarely",704,"Sales",28,3,"Marketing",1,2035,4,"Female",95,2,2,"Sales Executive",3,"Married",6712,8978,1,"Y","No",21,4,4,80,2,8,2,3,8,7,1,7
"256",48,"No","Travel_Rarely",530,"Sales",29,1,"Medical",1,473,1,"Female",91,3,3,"Manager",3,"Married",12504,23978,3,"Y","No",21,4,2,80,1,15,3,1,0,0,0,0
"257",28,"No","Travel_Rarely",866,"Sales",5,3,"Medical",1,1469,4,"Male",84,3,2,"Sales Executive",1,"Single",8463,23490,0,"Y","No",18,3,4,80,0,6,4,3,5,4,1,3
"258",36,"No","Travel_Frequently",688,"Research & Development",4,2,"Life Sciences",1,2025,4,"Female",97,3,2,"Manufacturing Director",2,"Divorced",5131,9192,7,"Y","No",13,3,2,80,3,18,3,3,4,2,0,2
"259",27,"No","Travel_Rarely",1354,"Research & Development",2,4,"Technical Degree",1,1931,2,"Male",41,3,1,"Research Scientist",2,"Married",2226,6073,1,"Y","No",11,3,3,80,1,6,3,2,5,3,1,2
"260",50,"No","Travel_Rarely",804,"Research & Development",9,3,"Life Sciences",1,1030,1,"Male",64,3,1,"Laboratory Technician",4,"Married",2380,20165,4,"Y","No",18,3,2,80,0,8,5,3,1,0,0,0
"261",58,"Yes","Travel_Rarely",289,"Research & Development",2,3,"Technical Degree",1,977,4,"Male",51,3,1,"Research Scientist",3,"Single",2479,26227,4,"Y","No",24,4,1,80,0,7,4,3,1,0,0,0
"262",43,"No","Travel_Rarely",415,"Sales",25,3,"Medical",1,1076,3,"Male",79,2,3,"Sales Executive",4,"Divorced",10798,5268,5,"Y","No",13,3,3,80,1,18,5,3,1,0,0,0
"263",39,"No","Travel_Rarely",170,"Research & Development",3,2,"Medical",1,1627,3,"Male",76,2,2,"Laboratory Technician",3,"Divorced",3069,10302,0,"Y","No",15,3,4,80,1,11,3,3,10,8,0,7
"264",45,"No","Travel_Rarely",1038,"Research & Development",20,3,"Medical",1,1460,2,"Male",95,1,3,"Healthcare Representative",1,"Divorced",10851,19863,2,"Y","Yes",18,3,2,80,1,24,2,3,7,7,0,7
"265",54,"No","Travel_Rarely",1441,"Research & Development",17,3,"Technical Degree",1,1013,3,"Female",56,3,3,"Manufacturing Director",3,"Married",10739,13943,8,"Y","No",11,3,3,80,1,22,2,3,10,7,0,8
"266",56,"No","Travel_Rarely",718,"Research & Development",4,4,"Technical Degree",1,1191,4,"Female",92,3,5,"Manager",1,"Divorced",19943,18575,4,"Y","No",13,3,4,80,1,28,2,3,5,2,4,2
"267",52,"No","Travel_Rarely",994,"Research & Development",7,4,"Life Sciences",1,1118,2,"Male",87,3,3,"Healthcare Representative",2,"Single",10445,15322,7,"Y","No",19,3,4,80,0,18,4,3,8,6,4,0
"268",35,"No","Travel_Rarely",195,"Sales",1,3,"Medical",1,620,1,"Female",80,3,2,"Sales Executive",3,"Single",4859,6698,1,"Y","No",16,3,4,80,0,5,3,3,5,4,0,3
"269",31,"No","Travel_Rarely",691,"Research & Development",5,4,"Technical Degree",1,423,3,"Male",86,3,1,"Research Scientist",4,"Married",4821,10077,0,"Y","Yes",12,3,3,80,1,6,4,3,5,2,0,3
"270",26,"No","Travel_Rarely",1355,"Human Resources",25,1,"Life Sciences",1,177,3,"Female",61,3,1,"Human Resources",3,"Married",2942,8916,1,"Y","No",23,4,4,80,1,8,3,3,8,7,5,7
"271",36,"No","Travel_Rarely",559,"Research & Development",12,4,"Life Sciences",1,1614,3,"Female",76,3,2,"Manufacturing Director",3,"Married",4663,12421,9,"Y","Yes",12,3,2,80,2,7,2,3,3,2,1,1
"272",33,"No","Travel_Frequently",1303,"Research & Development",7,2,"Life Sciences",1,1970,4,"Male",36,3,2,"Healthcare Representative",3,"Divorced",5968,18079,1,"Y","No",20,4,3,80,3,9,2,3,9,7,2,8
"273",34,"Yes","Travel_Frequently",234,"Research & Development",9,4,"Life Sciences",1,1807,4,"Male",93,3,2,"Laboratory Technician",1,"Married",5346,6208,4,"Y","No",17,3,3,80,1,11,3,2,7,1,0,7
"274",36,"No","Travel_Frequently",1467,"Sales",11,2,"Technical Degree",1,154,2,"Female",92,3,3,"Sales Executive",4,"Married",9738,22952,0,"Y","No",14,3,3,80,1,10,6,3,9,7,2,8
"275",43,"No","Travel_Rarely",982,"Research & Development",12,3,"Life Sciences",1,520,1,"Male",59,2,4,"Research Director",2,"Divorced",14336,4345,1,"Y","No",11,3,3,80,1,25,3,3,25,10,3,9
"276",35,"No","Travel_Frequently",944,"Sales",1,3,"Marketing",1,314,3,"Female",92,3,3,"Sales Executive",3,"Single",8789,9096,1,"Y","No",14,3,1,80,0,10,3,4,10,7,0,8
"277",45,"No","Non-Travel",248,"Research & Development",23,2,"Life Sciences",1,1002,4,"Male",42,3,2,"Laboratory Technician",1,"Married",3633,14039,1,"Y","Yes",15,3,3,80,1,9,2,3,9,8,0,8
"278",34,"No","Travel_Rarely",937,"Sales",1,3,"Marketing",1,1950,1,"Male",32,3,3,"Sales Executive",4,"Single",9888,6770,1,"Y","No",21,4,1,80,0,14,3,2,14,8,2,1
"279",53,"Yes","Travel_Rarely",607,"Research & Development",2,5,"Technical Degree",1,1572,3,"Female",78,2,3,"Manufacturing Director",4,"Married",10169,14618,0,"Y","No",16,3,2,80,1,34,4,3,33,7,1,9
"280",26,"Yes","Travel_Frequently",426,"Human Resources",17,4,"Life Sciences",1,608,2,"Female",58,3,1,"Human Resources",3,"Divorced",2741,22808,0,"Y","Yes",11,3,2,80,1,8,2,2,7,7,1,0
"281",25,"Yes","Travel_Frequently",599,"Sales",24,1,"Life Sciences",1,1273,3,"Male",73,1,1,"Sales Representative",4,"Single",1118,8040,1,"Y","Yes",14,3,4,80,0,1,4,3,1,0,1,0
"282",25,"No","Travel_Rarely",1372,"Sales",18,1,"Life Sciences",1,1399,1,"Male",93,4,2,"Sales Executive",3,"Married",6232,12477,2,"Y","No",11,3,2,80,0,6,3,2,3,2,1,2
"283",55,"No","Travel_Rarely",836,"Research & Development",2,4,"Technical Degree",1,1873,2,"Male",98,2,1,"Research Scientist",4,"Married",2662,7975,8,"Y","No",20,4,2,80,1,19,2,4,5,2,0,4
"284",27,"No","Travel_Rarely",591,"Research & Development",2,1,"Medical",1,7,1,"Male",40,3,1,"Laboratory Technician",2,"Married",3468,16632,9,"Y","No",12,3,4,80,1,6,3,3,2,2,2,2
"285",50,"No","Travel_Rarely",939,"Research & Development",24,3,"Life Sciences",1,1005,4,"Male",95,3,4,"Manufacturing Director",3,"Married",13973,4161,3,"Y","Yes",18,3,4,80,1,22,2,3,12,11,1,5
"286",40,"No","Travel_Frequently",692,"Research & Development",11,3,"Technical Degree",1,1985,4,"Female",73,3,2,"Laboratory Technician",3,"Married",6323,26849,1,"Y","No",11,3,1,80,1,10,2,4,10,9,9,4
"287",42,"No","Travel_Rarely",647,"Sales",4,4,"Marketing",1,1171,2,"Male",45,3,2,"Sales Executive",1,"Single",5155,2253,7,"Y","No",13,3,4,80,0,9,3,4,6,4,1,5
"288",29,"No","Travel_Frequently",461,"Research & Development",1,3,"Life Sciences",1,1753,4,"Male",70,4,2,"Healthcare Representative",3,"Single",6294,23060,8,"Y","Yes",12,3,4,80,0,10,5,4,3,2,0,2
"289",32,"No","Travel_Rarely",827,"Research & Development",1,1,"Life Sciences",1,134,4,"Male",71,3,1,"Research Scientist",1,"Single",2956,15178,1,"Y","No",13,3,4,80,0,1,2,3,1,0,0,0
"290",49,"No","Travel_Rarely",1490,"Research & Development",7,4,"Life Sciences",1,1484,3,"Male",35,3,3,"Healthcare Representative",2,"Divorced",10466,20948,3,"Y","No",14,3,2,80,2,29,3,3,8,7,0,7
"291",33,"No","Travel_Rarely",575,"Research & Development",25,3,"Life Sciences",1,1545,4,"Male",44,2,2,"Manufacturing Director",2,"Single",4320,24152,1,"Y","No",13,3,4,80,0,5,2,3,5,3,0,2
"292",37,"No","Travel_Rarely",161,"Research & Development",10,3,"Life Sciences",1,2017,3,"Female",42,4,3,"Research Director",4,"Married",13744,15471,1,"Y","Yes",25,4,1,80,1,16,2,3,16,11,6,8
"293",42,"No","Non-Travel",355,"Research & Development",10,4,"Technical Degree",1,1854,3,"Male",38,3,1,"Research Scientist",3,"Married",2936,6161,3,"Y","No",22,4,2,80,2,10,1,2,6,3,3,3
"294",30,"No","Travel_Rarely",317,"Research & Development",2,3,"Life Sciences",1,548,3,"Female",43,1,2,"Manufacturing Director",4,"Single",6091,24793,2,"Y","No",20,4,3,80,0,11,2,3,5,4,0,2
"295",41,"No","Travel_Rarely",483,"Research & Development",6,3,"Medical",1,466,4,"Male",95,2,2,"Manufacturing Director",2,"Single",6032,10110,6,"Y","Yes",15,3,4,80,0,8,3,3,5,4,1,2
"296",24,"No","Travel_Rarely",350,"Research & Development",21,2,"Technical Degree",1,1551,3,"Male",57,2,1,"Laboratory Technician",1,"Divorced",2296,10036,0,"Y","No",14,3,2,80,3,2,3,3,1,1,0,0
"297",24,"Yes","Travel_Frequently",1287,"Research & Development",7,3,"Life Sciences",1,647,1,"Female",55,3,1,"Laboratory Technician",3,"Married",2886,14168,1,"Y","Yes",16,3,4,80,1,6,4,3,6,3,1,2
"298",34,"No","Non-Travel",697,"Research & Development",3,4,"Life Sciences",1,1115,3,"Male",40,2,1,"Research Scientist",4,"Married",2979,22478,3,"Y","No",17,3,4,80,3,6,2,3,0,0,0,0
"299",34,"No","Travel_Rarely",470,"Research & Development",2,4,"Life Sciences",1,339,4,"Male",84,2,2,"Manufacturing Director",1,"Married",5957,23687,6,"Y","No",13,3,2,80,1,13,3,3,11,9,5,9
"300",35,"Yes","Travel_Frequently",662,"Sales",18,4,"Marketing",1,1380,4,"Female",67,3,2,"Sales Executive",3,"Married",4614,23288,0,"Y","Yes",18,3,3,80,1,5,0,2,4,2,3,2
"301",42,"No","Travel_Frequently",532,"Research & Development",29,2,"Life Sciences",1,547,1,"Female",92,3,2,"Research Scientist",3,"Divorced",4556,12932,2,"Y","No",11,3,2,80,1,19,3,3,5,4,0,2
"302",37,"No","Travel_Rarely",342,"Sales",16,4,"Marketing",1,868,4,"Male",66,2,2,"Sales Executive",3,"Divorced",6334,24558,4,"Y","No",19,3,4,80,2,9,2,3,1,0,0,0
"303",46,"No","Travel_Rarely",563,"Sales",1,4,"Life Sciences",1,1602,4,"Male",56,4,4,"Manager",1,"Single",17567,3156,1,"Y","No",15,3,2,80,0,27,5,1,26,0,0,12
"304",36,"No","Travel_Frequently",1195,"Research & Development",11,3,"Life Sciences",1,85,2,"Male",95,2,2,"Manufacturing Director",2,"Single",6499,22656,1,"Y","No",13,3,3,80,0,6,3,3,6,5,0,3
"305",18,"No","Travel_Rarely",812,"Sales",10,3,"Medical",1,411,4,"Female",69,2,1,"Sales Representative",3,"Single",1200,9724,1,"Y","No",12,3,1,80,0,0,2,3,0,0,0,0
"306",44,"No","Travel_Rarely",1117,"Research & Development",2,1,"Life Sciences",1,1246,1,"Female",72,4,1,"Research Scientist",4,"Married",2011,19982,1,"Y","No",13,3,4,80,1,10,5,3,10,5,7,7
"307",21,"No","Travel_Rarely",1343,"Sales",22,1,"Technical Degree",1,669,3,"Male",49,3,1,"Sales Representative",3,"Single",3447,24444,1,"Y","No",11,3,3,80,0,3,2,3,3,2,1,2
"308",35,"No","Non-Travel",1225,"Research & Development",2,4,"Life Sciences",1,771,4,"Female",61,3,2,"Healthcare Representative",1,"Divorced",5093,4761,2,"Y","No",11,3,1,80,1,16,2,4,1,0,0,0
"309",28,"No","Travel_Frequently",791,"Research & Development",1,4,"Medical",1,1286,4,"Male",44,3,1,"Laboratory Technician",3,"Single",2154,6842,0,"Y","Yes",11,3,3,80,0,5,2,2,4,2,0,2
"310",40,"No","Travel_Frequently",593,"Research & Development",9,4,"Medical",1,1166,2,"Female",88,3,3,"Research Director",3,"Single",13499,13782,9,"Y","No",17,3,3,80,0,20,3,2,18,7,2,13
"311",38,"No","Travel_Rarely",330,"Research & Development",17,1,"Life Sciences",1,1088,3,"Female",65,2,3,"Healthcare Representative",3,"Married",8823,24608,0,"Y","No",18,3,1,80,1,20,4,2,19,9,1,9
"312",31,"No","Travel_Rarely",1082,"Research & Development",1,4,"Medical",1,95,3,"Male",87,3,1,"Research Scientist",2,"Single",2501,18775,1,"Y","No",17,3,2,80,0,1,4,3,1,1,1,0
"313",41,"No","Travel_Rarely",167,"Research & Development",12,4,"Life Sciences",1,1158,2,"Male",46,3,1,"Laboratory Technician",4,"Married",4766,9051,3,"Y","Yes",11,3,1,80,1,6,4,3,1,0,0,0
"314",50,"No","Non-Travel",881,"Research & Development",2,4,"Life Sciences",1,905,1,"Male",98,3,4,"Manager",1,"Divorced",17924,4544,1,"Y","No",11,3,4,80,1,31,3,3,31,6,14,7
"315",54,"No","Travel_Rarely",376,"Research & Development",19,4,"Medical",1,799,4,"Female",95,3,2,"Manufacturing Director",1,"Divorced",5485,22670,9,"Y","Yes",11,3,2,80,2,9,4,3,5,3,1,4
"316",26,"Yes","Travel_Rarely",950,"Sales",4,4,"Marketing",1,401,4,"Male",48,2,2,"Sales Executive",4,"Single",5828,8450,1,"Y","Yes",12,3,2,80,0,8,0,3,8,7,7,4
"317",54,"No","Travel_Rarely",155,"Research & Development",9,2,"Life Sciences",1,1969,1,"Female",67,3,2,"Research Scientist",3,"Married",2897,22474,3,"Y","No",11,3,3,80,2,9,6,2,4,3,2,3
"318",52,"No","Travel_Rarely",699,"Research & Development",1,4,"Life Sciences",1,259,3,"Male",65,2,5,"Manager",3,"Married",19999,5678,0,"Y","No",14,3,1,80,1,34,5,3,33,18,11,9
"319",35,"No","Travel_Rarely",1214,"Research & Development",1,3,"Medical",1,105,2,"Male",30,2,1,"Research Scientist",3,"Single",2859,26278,1,"Y","No",18,3,1,80,0,6,3,3,6,4,0,4
"320",22,"No","Travel_Rarely",534,"Research & Development",15,3,"Medical",1,144,2,"Female",59,3,1,"Laboratory Technician",4,"Single",2871,23785,1,"Y","No",15,3,3,80,0,1,5,3,0,0,0,0
"321",50,"Yes","Travel_Rarely",410,"Sales",28,3,"Marketing",1,2055,4,"Male",39,2,3,"Sales Executive",1,"Divorced",10854,16586,4,"Y","Yes",13,3,2,80,1,20,3,3,3,2,2,0
"322",28,"No","Non-Travel",1476,"Research & Development",1,3,"Life Sciences",1,1315,3,"Female",55,1,2,"Laboratory Technician",4,"Married",6674,16392,0,"Y","No",11,3,1,80,3,10,6,3,9,8,7,5
"323",31,"No","Travel_Rarely",741,"Research & Development",2,4,"Life Sciences",1,1721,2,"Male",69,3,1,"Laboratory Technician",3,"Married",3477,18103,1,"Y","No",14,3,4,80,1,6,2,4,5,2,0,3
"324",28,"No","Non-Travel",120,"Sales",4,3,"Medical",1,129,2,"Male",43,3,2,"Sales Executive",3,"Married",4221,8863,1,"Y","No",15,3,2,80,0,5,3,4,5,4,0,4
"325",51,"No","Travel_Rarely",942,"Research & Development",3,3,"Technical Degree",1,1786,1,"Female",53,3,3,"Manager",3,"Married",13116,22984,2,"Y","No",11,3,4,80,0,15,2,3,2,2,2,2
"326",36,"No","Travel_Rarely",329,"Sales",16,4,"Marketing",1,1436,3,"Female",98,2,2,"Sales Executive",1,"Married",5647,13494,4,"Y","No",13,3,1,80,2,11,3,2,3,2,0,2
"327",24,"No","Travel_Rarely",1476,"Sales",4,1,"Medical",1,1445,4,"Female",42,3,2,"Sales Executive",3,"Married",4162,15211,1,"Y","Yes",12,3,3,80,2,5,3,3,5,4,0,3
"328",42,"No","Travel_Rarely",188,"Research & Development",29,3,"Medical",1,1148,2,"Male",56,1,2,"Laboratory Technician",4,"Single",4272,9558,4,"Y","No",19,3,1,80,0,16,3,3,1,0,0,0
"329",29,"No","Travel_Rarely",1247,"Sales",20,2,"Marketing",1,349,4,"Male",45,3,2,"Sales Executive",4,"Divorced",6931,10732,2,"Y","No",14,3,4,80,1,10,2,3,3,2,0,2
"330",59,"No","Travel_Rarely",1429,"Research & Development",18,4,"Medical",1,1283,4,"Male",67,3,3,"Manufacturing Director",4,"Single",10512,20002,6,"Y","No",12,3,4,80,0,25,6,2,9,7,5,4
"331",34,"No","Travel_Rarely",1400,"Sales",9,1,"Life Sciences",1,1163,2,"Female",70,3,2,"Sales Executive",3,"Married",5714,5829,1,"Y","No",20,4,1,80,0,6,3,2,6,5,1,3
"332",48,"No","Travel_Frequently",117,"Research & Development",22,3,"Medical",1,1900,4,"Female",58,3,4,"Manager",4,"Divorced",17174,2437,3,"Y","No",11,3,2,80,1,24,3,3,22,17,4,7
"333",25,"No","Non-Travel",675,"Research & Development",5,2,"Life Sciences",1,369,2,"Male",85,4,2,"Healthcare Representative",1,"Divorced",4000,18384,1,"Y","No",12,3,4,80,2,6,2,3,6,3,1,5
"334",35,"No","Travel_Rarely",817,"Research & Development",1,3,"Medical",1,1369,4,"Female",60,2,2,"Laboratory Technician",4,"Married",5363,10846,0,"Y","No",12,3,2,80,1,10,0,3,9,7,0,0
"335",34,"No","Travel_Rarely",401,"Research & Development",1,3,"Life Sciences",1,1447,4,"Female",86,2,1,"Laboratory Technician",2,"Married",3294,3708,5,"Y","No",17,3,1,80,1,7,2,2,5,4,0,2
"336",27,"No","Travel_Frequently",793,"Sales",2,1,"Life Sciences",1,1371,4,"Male",43,1,2,"Sales Executive",4,"Single",5071,20392,3,"Y","No",20,4,2,80,0,8,3,3,6,2,0,0
"337",25,"No","Travel_Rarely",309,"Human Resources",2,3,"Human Resources",1,1987,3,"Female",82,3,1,"Human Resources",2,"Married",2187,19655,4,"Y","No",14,3,3,80,0,6,3,3,2,0,1,2
"338",34,"No","Travel_Rarely",121,"Research & Development",2,4,"Medical",1,804,3,"Female",86,2,1,"Research Scientist",1,"Single",4381,7530,1,"Y","No",11,3,3,80,0,6,3,3,6,5,1,3
"339",34,"No","Travel_Frequently",618,"Research & Development",3,1,"Life Sciences",1,1103,1,"Male",45,3,2,"Healthcare Representative",4,"Single",7756,22266,0,"Y","No",17,3,3,80,0,7,1,2,6,2,0,4
"340",29,"Yes","Travel_Rarely",350,"Human Resources",13,3,"Human Resources",1,1844,1,"Male",56,2,1,"Human Resources",1,"Divorced",2335,3157,4,"Y","Yes",15,3,4,80,3,4,3,3,2,2,2,0
"341",32,"No","Travel_Frequently",585,"Research & Development",10,3,"Life Sciences",1,1720,1,"Male",56,3,1,"Research Scientist",3,"Married",3433,17360,6,"Y","No",13,3,1,80,1,10,3,2,5,2,1,3
"342",48,"No","Travel_Rarely",969,"Research & Development",2,2,"Technical Degree",1,1258,4,"Male",76,4,1,"Laboratory Technician",2,"Single",2559,16620,5,"Y","No",11,3,3,80,0,7,4,2,1,0,0,0
"343",39,"No","Travel_Rarely",1387,"Research & Development",10,5,"Medical",1,1618,2,"Male",76,3,2,"Manufacturing Director",1,"Married",5377,3835,2,"Y","No",13,3,4,80,3,10,3,3,7,7,7,7
"344",24,"No","Travel_Frequently",897,"Human Resources",10,3,"Medical",1,1746,1,"Male",59,3,1,"Human Resources",4,"Married",2145,2097,0,"Y","No",14,3,4,80,1,3,2,3,2,2,2,1
"345",30,"No","Non-Travel",829,"Research & Development",1,1,"Life Sciences",1,292,3,"Male",88,2,3,"Manufacturing Director",3,"Single",8474,20925,1,"Y","No",22,4,3,80,0,12,2,3,11,8,5,8
"346",34,"No","Travel_Rarely",1031,"Research & Development",6,4,"Life Sciences",1,151,3,"Female",45,2,2,"Research Scientist",2,"Divorced",4505,15000,6,"Y","No",15,3,3,80,1,12,3,3,1,0,0,0
"347",33,"Yes","Travel_Rarely",118,"Sales",16,3,"Marketing",1,819,1,"Female",69,3,2,"Sales Executive",1,"Single",5324,26507,5,"Y","No",15,3,3,80,0,6,3,3,3,2,0,2
"348",42,"No","Travel_Frequently",458,"Research & Development",26,5,"Medical",1,1242,1,"Female",60,3,3,"Research Director",1,"Married",13191,23281,3,"Y","Yes",17,3,3,80,0,20,6,3,1,0,0,0
"349",31,"No","Non-Travel",1188,"Sales",20,2,"Marketing",1,947,4,"Female",45,3,2,"Sales Executive",3,"Married",6932,24406,1,"Y","No",13,3,4,80,1,9,2,2,9,8,0,0
"350",56,"No","Travel_Rarely",1400,"Research & Development",7,3,"Life Sciences",1,112,4,"Male",49,1,3,"Manufacturing Director",4,"Single",7260,21698,4,"Y","No",11,3,1,80,0,37,3,2,6,4,0,2
"351",34,"No","Travel_Frequently",829,"Research & Development",15,3,"Medical",1,1485,2,"Male",71,3,4,"Research Director",1,"Divorced",17007,11929,7,"Y","No",14,3,4,80,2,16,3,2,14,8,6,9
"352",30,"No","Non-Travel",111,"Research & Development",9,3,"Medical",1,239,3,"Male",66,3,2,"Laboratory Technician",1,"Divorced",3072,11012,1,"Y","No",11,3,3,80,2,12,4,3,12,9,6,10
"353",38,"No","Travel_Rarely",1153,"Research & Development",6,2,"Other",1,1782,4,"Female",40,2,1,"Laboratory Technician",3,"Married",3702,16376,1,"Y","No",11,3,2,80,1,5,3,3,5,4,0,4
"354",32,"No","Non-Travel",862,"Sales",2,1,"Life Sciences",1,1190,3,"Female",76,3,1,"Sales Representative",1,"Divorced",2827,14947,1,"Y","No",12,3,3,80,3,1,3,3,1,0,0,0
"355",54,"No","Non-Travel",142,"Human Resources",26,3,"Human Resources",1,148,4,"Female",30,4,4,"Manager",4,"Single",17328,13871,2,"Y","Yes",12,3,3,80,0,23,3,3,5,3,4,4
"356",32,"Yes","Travel_Rarely",515,"Research & Development",1,3,"Life Sciences",1,331,4,"Male",62,2,1,"Laboratory Technician",3,"Single",3730,9571,0,"Y","Yes",14,3,4,80,0,4,2,1,3,2,1,2
"357",33,"No","Travel_Frequently",1392,"Research & Development",3,4,"Life Sciences",1,5,4,"Female",56,3,1,"Research Scientist",3,"Married",2909,23159,1,"Y","Yes",11,3,3,80,0,8,3,3,8,7,3,0
"358",22,"No","Travel_Rarely",1230,"Research & Development",1,2,"Life Sciences",1,872,4,"Male",33,2,2,"Manufacturing Director",4,"Married",4775,19146,6,"Y","No",22,4,1,80,2,4,2,1,2,2,2,2
"359",28,"Yes","Travel_Rarely",1404,"Research & Development",17,3,"Technical Degree",1,1960,3,"Male",32,2,1,"Laboratory Technician",4,"Divorced",2367,18779,5,"Y","No",12,3,1,80,1,6,2,2,4,1,0,3
"360",31,"No","Travel_Rarely",1112,"Sales",5,4,"Life Sciences",1,1673,1,"Female",67,3,2,"Sales Executive",4,"Married",5476,22589,1,"Y","No",11,3,1,80,2,10,2,3,10,0,0,2
"361",43,"No","Travel_Rarely",531,"Sales",4,4,"Marketing",1,1293,4,"Female",56,2,3,"Sales Executive",4,"Single",10231,20364,3,"Y","No",14,3,4,80,0,23,3,4,21,7,15,17
"362",31,"No","Travel_Rarely",140,"Research & Development",12,1,"Medical",1,246,3,"Female",95,3,1,"Research Scientist",4,"Married",3929,6984,8,"Y","Yes",23,4,3,80,1,7,0,3,4,2,0,2
"363",37,"No","Travel_Rarely",446,"Research & Development",1,4,"Life Sciences",1,635,2,"Female",65,3,2,"Manufacturing Director",2,"Married",6447,15701,6,"Y","No",12,3,2,80,1,8,2,2,6,5,4,3
"364",28,"Yes","Travel_Rarely",1475,"Sales",13,2,"Marketing",1,1933,4,"Female",84,3,2,"Sales Executive",3,"Single",9854,23352,3,"Y","Yes",11,3,4,80,0,6,0,3,2,0,2,2
"365",46,"No","Travel_Rarely",168,"Sales",4,2,"Marketing",1,1280,4,"Female",33,2,5,"Manager",2,"Married",18789,9946,2,"Y","No",14,3,3,80,1,26,2,3,11,4,0,8
"366",50,"No","Travel_Rarely",1207,"Research & Development",28,1,"Medical",1,716,4,"Male",74,4,1,"Laboratory Technician",3,"Married",3221,3297,1,"Y","Yes",11,3,3,80,3,20,3,3,20,8,3,8
"367",42,"No","Travel_Rarely",916,"Research & Development",17,2,"Life Sciences",1,347,4,"Female",82,4,2,"Research Scientist",1,"Single",6545,23016,3,"Y","Yes",13,3,3,80,0,10,1,3,3,2,0,2
"368",47,"No","Travel_Rarely",1001,"Research & Development",4,3,"Life Sciences",1,1827,3,"Female",92,2,3,"Manufacturing Director",2,"Divorced",10333,19271,8,"Y","Yes",12,3,3,80,1,28,4,3,22,11,14,10
"369",41,"No","Travel_Rarely",1283,"Research & Development",5,5,"Medical",1,1448,2,"Male",90,4,1,"Research Scientist",3,"Married",2127,5561,2,"Y","Yes",12,3,1,80,0,7,5,2,4,2,0,3
"370",54,"No","Travel_Rarely",157,"Research & Development",10,3,"Medical",1,1980,3,"Female",77,3,2,"Manufacturing Director",1,"Single",4440,25198,6,"Y","Yes",19,3,4,80,0,9,3,3,5,2,1,4
"371",31,"No","Travel_Rarely",1398,"Human Resources",8,2,"Medical",1,1461,4,"Female",96,4,1,"Human Resources",2,"Single",2109,24609,9,"Y","No",18,3,4,80,0,8,3,3,3,2,0,2
"372",31,"No","Travel_Frequently",163,"Research & Development",24,1,"Technical Degree",1,1736,4,"Female",30,3,2,"Manufacturing Director",4,"Single",5238,6670,2,"Y","No",20,4,4,80,0,9,3,2,5,4,1,4
"373",44,"No","Travel_Rarely",1099,"Sales",5,3,"Marketing",1,1267,2,"Male",88,3,5,"Manager",2,"Married",18213,8751,7,"Y","No",11,3,3,80,1,26,5,3,22,9,3,10
"374",46,"No","Travel_Rarely",1277,"Sales",2,3,"Life Sciences",1,1732,3,"Male",74,3,3,"Sales Executive",4,"Divorced",10368,5596,4,"Y","Yes",12,3,2,80,1,13,5,2,10,6,0,3
"375",30,"No","Travel_Rarely",202,"Sales",2,1,"Technical Degree",1,508,3,"Male",72,3,1,"Sales Representative",2,"Married",2476,17434,1,"Y","No",18,3,1,80,1,1,3,3,1,0,0,0
"376",34,"No","Travel_Frequently",702,"Research & Development",16,4,"Life Sciences",1,838,3,"Female",100,2,1,"Research Scientist",4,"Single",2553,8306,1,"Y","No",16,3,3,80,0,6,3,3,5,2,1,3
"377",27,"No","Travel_Rarely",894,"Research & Development",9,3,"Medical",1,260,4,"Female",99,3,1,"Research Scientist",2,"Single",2279,11781,1,"Y","No",16,3,4,80,0,7,2,2,7,7,0,3
"378",56,"Yes","Travel_Rarely",1162,"Research & Development",24,2,"Life Sciences",1,1907,1,"Male",97,3,1,"Laboratory Technician",4,"Single",2587,10261,1,"Y","No",16,3,4,80,0,5,3,3,4,2,1,0
"379",34,"No","Travel_Rarely",1440,"Sales",7,2,"Technical Degree",1,1541,2,"Male",55,3,1,"Sales Representative",3,"Married",2308,4944,0,"Y","Yes",25,4,2,80,1,12,4,3,11,10,5,7
"380",55,"No","Travel_Rarely",1229,"Research & Development",4,4,"Life Sciences",1,1501,4,"Male",30,3,2,"Healthcare Representative",3,"Married",4035,16143,0,"Y","Yes",16,3,2,80,0,4,2,3,3,2,1,2
"381",27,"No","Travel_Rarely",798,"Research & Development",6,4,"Medical",1,655,1,"Female",66,2,1,"Research Scientist",3,"Divorced",2187,5013,0,"Y","No",12,3,3,80,2,6,5,2,5,3,0,3
"382",33,"Yes","Travel_Rarely",1017,"Research & Development",25,3,"Medical",1,1108,1,"Male",55,2,1,"Research Scientist",2,"Single",2313,2993,4,"Y","Yes",20,4,2,80,0,5,0,3,2,2,2,2
"383",32,"No","Travel_Rarely",977,"Research & Development",2,3,"Medical",1,1671,4,"Male",45,3,2,"Research Scientist",2,"Divorced",5470,25518,0,"Y","No",13,3,3,80,2,10,4,2,9,5,1,6
"384",30,"No","Travel_Rarely",1176,"Research & Development",20,3,"Other",1,1084,3,"Male",85,3,2,"Manufacturing Director",1,"Married",9957,9096,0,"Y","No",15,3,3,80,1,7,1,2,6,2,0,2
"385",40,"No","Travel_Rarely",523,"Research & Development",2,3,"Life Sciences",1,1346,3,"Male",98,3,2,"Research Scientist",4,"Single",4661,22455,1,"Y","No",13,3,3,80,0,9,4,3,9,8,8,8
"386",26,"Yes","Travel_Rarely",471,"Research & Development",24,3,"Technical Degree",1,622,3,"Male",66,1,1,"Laboratory Technician",4,"Single",2340,23213,1,"Y","Yes",18,3,2,80,0,1,3,1,1,0,0,0
"387",36,"No","Travel_Frequently",1302,"Research & Development",6,4,"Life Sciences",1,1594,1,"Male",80,4,2,"Laboratory Technician",1,"Married",5562,19711,3,"Y","Yes",13,3,4,80,1,9,3,3,3,2,0,2
"388",31,"No","Travel_Rarely",746,"Research & Development",8,4,"Life Sciences",1,98,3,"Female",61,3,2,"Manufacturing Director",4,"Single",4424,20682,1,"Y","No",23,4,4,80,0,11,2,3,11,7,1,8
"389",39,"No","Travel_Rarely",116,"Research & Development",24,1,"Life Sciences",1,2014,1,"Male",52,3,2,"Research Scientist",4,"Single",4108,5340,7,"Y","No",13,3,1,80,0,18,2,3,7,7,1,7
"390",46,"No","Travel_Rarely",717,"Research & Development",13,4,"Life Sciences",1,1727,3,"Male",34,3,2,"Healthcare Representative",2,"Single",5562,9697,6,"Y","No",14,3,4,80,0,19,3,3,10,7,0,9
"391",42,"No","Travel_Rarely",319,"Research & Development",24,3,"Medical",1,605,4,"Male",56,3,3,"Manufacturing Director",1,"Married",7406,6950,1,"Y","Yes",21,4,4,80,1,10,5,2,10,9,5,8
"392",31,"No","Travel_Rarely",106,"Human Resources",2,3,"Human Resources",1,424,1,"Male",62,2,2,"Human Resources",1,"Married",6410,17822,3,"Y","No",12,3,4,80,0,9,1,3,2,2,1,0
"393",48,"No","Travel_Rarely",1355,"Research & Development",4,4,"Life Sciences",1,1024,3,"Male",78,2,3,"Healthcare Representative",3,"Single",10999,22245,7,"Y","No",14,3,2,80,0,27,3,3,15,11,4,8
"394",32,"No","Non-Travel",300,"Research & Development",1,3,"Life Sciences",1,882,4,"Male",61,3,1,"Laboratory Technician",4,"Divorced",2314,9148,0,"Y","No",12,3,2,80,1,4,2,3,3,0,0,2
"395",22,"No","Travel_Rarely",253,"Research & Development",11,3,"Medical",1,511,1,"Female",43,3,1,"Research Scientist",2,"Married",2244,24440,1,"Y","No",13,3,4,80,1,2,1,3,2,1,1,2
"396",25,"No","Travel_Rarely",583,"Sales",4,1,"Marketing",1,885,3,"Male",87,2,2,"Sales Executive",1,"Married",4256,18154,1,"Y","No",12,3,1,80,0,5,1,4,5,2,0,3
"397",40,"No","Travel_Frequently",720,"Research & Development",16,4,"Medical",1,832,1,"Male",51,2,2,"Laboratory Technician",3,"Single",5094,11983,6,"Y","No",14,3,4,80,0,10,6,3,1,0,0,0
"398",24,"Yes","Travel_Rarely",813,"Research & Development",1,3,"Medical",1,45,2,"Male",61,3,1,"Research Scientist",4,"Married",2293,3020,2,"Y","Yes",16,3,1,80,1,6,2,2,2,0,2,0
"399",29,"No","Travel_Rarely",1082,"Research & Development",9,4,"Medical",1,1709,4,"Female",43,3,1,"Laboratory Technician",3,"Married",2974,25412,9,"Y","No",17,3,3,80,1,9,2,3,5,3,1,2
"400",35,"No","Travel_Rarely",1343,"Research & Development",27,1,"Medical",1,856,3,"Female",53,2,1,"Research Scientist",1,"Single",2559,17852,1,"Y","No",11,3,4,80,0,6,3,2,6,5,1,1
"401",39,"No","Travel_Rarely",524,"Research & Development",18,2,"Life Sciences",1,1322,1,"Male",32,3,2,"Manufacturing Director",3,"Single",4534,13352,0,"Y","No",11,3,1,80,0,9,6,3,8,7,1,7
"402",27,"No","Travel_Frequently",591,"Research & Development",2,3,"Medical",1,1648,4,"Male",87,3,1,"Research Scientist",4,"Single",2580,6297,2,"Y","No",13,3,3,80,0,6,0,2,4,2,1,2
"403",30,"No","Travel_Rarely",1275,"Research & Development",28,2,"Medical",1,441,4,"Female",64,3,2,"Research Scientist",4,"Married",5775,11934,1,"Y","No",13,3,4,80,2,11,2,3,10,8,1,9
"404",36,"No","Travel_Rarely",557,"Sales",3,3,"Medical",1,2024,1,"Female",94,2,3,"Sales Executive",4,"Married",7644,12695,0,"Y","No",19,3,3,80,2,10,2,3,9,7,3,4
"405",43,"No","Travel_Rarely",244,"Human Resources",2,3,"Life Sciences",1,1778,2,"Male",97,3,1,"Human Resources",4,"Single",3539,5033,0,"Y","No",13,3,2,80,0,10,5,3,9,7,1,8
"406",31,"Yes","Non-Travel",335,"Research & Development",9,2,"Medical",1,991,3,"Male",46,2,1,"Research Scientist",1,"Single",2321,10322,0,"Y","Yes",22,4,1,80,0,4,0,3,3,2,1,2
"407",45,"No","Non-Travel",1195,"Research & Development",2,2,"Medical",1,264,1,"Male",65,2,4,"Manager",4,"Married",16792,20462,9,"Y","No",23,4,4,80,1,22,1,3,20,8,11,8
"408",40,"No","Travel_Frequently",1469,"Research & Development",9,4,"Medical",1,964,4,"Male",35,3,1,"Research Scientist",2,"Divorced",3617,25063,8,"Y","Yes",14,3,4,80,1,3,2,3,1,1,0,0
"409",55,"No","Travel_Rarely",478,"Research & Development",2,3,"Medical",1,1770,3,"Male",60,2,5,"Research Director",1,"Married",19038,19805,8,"Y","No",12,3,2,80,3,34,2,3,1,0,0,0
"410",35,"No","Travel_Rarely",1146,"Human Resources",26,4,"Life Sciences",1,2040,3,"Female",31,3,3,"Human Resources",4,"Single",8837,16642,1,"Y","Yes",16,3,3,80,0,9,2,3,9,0,1,7
"411",34,"No","Travel_Rarely",181,"Research & Development",2,4,"Medical",1,1755,4,"Male",97,4,1,"Research Scientist",4,"Married",2932,5586,0,"Y","Yes",14,3,1,80,3,6,3,3,5,0,1,2
"412",40,"No","Travel_Rarely",804,"Research & Development",2,1,"Medical",1,763,4,"Female",86,2,1,"Research Scientist",4,"Single",2342,22929,0,"Y","Yes",20,4,4,80,0,5,2,2,4,2,2,3
"413",54,"No","Travel_Rarely",397,"Human Resources",19,4,"Medical",1,698,3,"Male",88,3,3,"Human Resources",2,"Married",10725,6729,2,"Y","No",15,3,3,80,1,16,1,4,9,7,7,1
"414",48,"No","Travel_Rarely",492,"Sales",16,4,"Life Sciences",1,1557,3,"Female",96,3,2,"Sales Executive",3,"Divorced",6439,13693,8,"Y","No",14,3,3,80,1,18,2,3,8,7,7,7
"415",32,"No","Travel_Rarely",906,"Sales",7,3,"Life Sciences",1,420,4,"Male",91,2,2,"Sales Executive",3,"Married",5484,16985,1,"Y","No",14,3,3,80,1,13,3,2,13,8,4,8
"416",52,"No","Travel_Frequently",322,"Research & Development",28,2,"Medical",1,1401,4,"Female",59,4,4,"Manufacturing Director",3,"Married",13247,9731,2,"Y","Yes",11,3,2,80,1,24,3,2,5,3,0,2
"417",28,"No","Travel_Frequently",193,"Research & Development",2,3,"Life Sciences",1,1296,4,"Male",52,2,1,"Laboratory Technician",4,"Married",3867,14222,1,"Y","Yes",12,3,2,80,1,2,2,3,2,2,2,2
"418",32,"No","Travel_Rarely",824,"Research & Development",5,2,"Life Sciences",1,1555,4,"Female",67,2,2,"Research Scientist",2,"Married",5878,15624,3,"Y","No",12,3,1,80,1,12,2,3,7,1,2,5
"419",31,"No","Travel_Rarely",1232,"Research & Development",7,4,"Medical",1,462,3,"Female",39,3,3,"Manufacturing Director",4,"Single",7143,25713,1,"Y","Yes",14,3,3,80,0,11,2,2,11,9,4,10
"420",38,"No","Travel_Rarely",849,"Research & Development",25,2,"Life Sciences",1,421,1,"Female",81,2,3,"Research Director",2,"Married",12061,26707,3,"Y","No",17,3,3,80,1,19,2,3,10,8,0,1
"421",31,"Yes","Travel_Frequently",561,"Research & Development",3,3,"Life Sciences",1,1537,4,"Female",33,3,1,"Research Scientist",3,"Single",4084,4156,1,"Y","No",12,3,1,80,0,7,2,1,7,2,7,7
"422",41,"Yes","Non-Travel",906,"Research & Development",5,2,"Life Sciences",1,1210,1,"Male",95,2,1,"Research Scientist",1,"Divorced",2107,20293,6,"Y","No",17,3,1,80,1,5,2,1,1,0,0,0
"423",51,"No","Travel_Rarely",833,"Research & Development",1,3,"Life Sciences",1,353,3,"Male",96,3,1,"Research Scientist",4,"Married",2723,23231,1,"Y","No",11,3,2,80,0,1,0,2,1,0,0,0
"424",36,"No","Travel_Rarely",938,"Research & Development",2,4,"Medical",1,958,3,"Male",79,3,1,"Laboratory Technician",3,"Single",2519,12287,4,"Y","No",21,4,3,80,0,16,6,3,11,8,3,9
"425",38,"No","Travel_Rarely",770,"Sales",10,4,"Marketing",1,1119,3,"Male",73,2,3,"Sales Executive",3,"Divorced",8740,5569,0,"Y","Yes",14,3,2,80,2,9,2,3,8,7,2,7
"426",58,"No","Travel_Rarely",1145,"Research & Development",9,3,"Medical",1,214,2,"Female",75,2,1,"Research Scientist",2,"Married",3346,11873,4,"Y","Yes",20,4,2,80,1,9,3,2,1,0,0,0
"427",32,"No","Travel_Rarely",117,"Sales",13,4,"Life Sciences",1,859,2,"Male",73,3,2,"Sales Executive",4,"Divorced",4403,9250,2,"Y","No",11,3,3,80,1,8,3,2,5,2,0,3
"428",20,"No","Travel_Rarely",1141,"Sales",2,3,"Medical",1,1657,3,"Female",31,3,1,"Sales Representative",3,"Single",2783,13251,1,"Y","No",19,3,1,80,0,2,3,3,2,2,2,2
"429",34,"No","Travel_Rarely",628,"Research & Development",8,3,"Medical",1,2068,2,"Male",82,4,2,"Laboratory Technician",3,"Married",4404,10228,2,"Y","No",12,3,1,80,0,6,3,4,4,3,1,2
"430",41,"No","Travel_Rarely",582,"Research & Development",28,4,"Life Sciences",1,2034,1,"Female",60,2,4,"Manufacturing Director",2,"Married",13570,5640,0,"Y","No",23,4,3,80,1,21,3,3,20,7,0,10
"431",37,"No","Travel_Rarely",783,"Research & Development",7,4,"Medical",1,1885,4,"Male",78,3,2,"Research Scientist",1,"Married",4284,13588,5,"Y","Yes",22,4,3,80,1,16,2,3,5,3,0,4
"432",21,"No","Travel_Rarely",391,"Research & Development",15,2,"Life Sciences",1,30,3,"Male",96,3,1,"Research Scientist",4,"Single",1232,19281,1,"Y","No",14,3,4,80,0,0,6,3,0,0,0,0
"433",56,"Yes","Travel_Rarely",310,"Research & Development",7,2,"Technical Degree",1,2032,4,"Male",72,3,1,"Laboratory Technician",3,"Married",2339,3666,8,"Y","No",11,3,4,80,1,14,4,1,10,9,9,8
"434",33,"No","Travel_Rarely",589,"Research & Development",28,4,"Life Sciences",1,1549,2,"Male",79,3,2,"Laboratory Technician",3,"Married",5207,22949,1,"Y","Yes",12,3,2,80,1,15,3,3,15,14,5,7
"435",49,"No","Travel_Rarely",1495,"Research & Development",5,4,"Technical Degree",1,1473,1,"Male",96,3,2,"Healthcare Representative",3,"Married",6651,21534,2,"Y","No",14,3,2,80,1,20,0,2,3,2,1,2
"436",31,"No","Travel_Rarely",329,"Research & Development",1,2,"Life Sciences",1,530,4,"Male",98,2,1,"Laboratory Technician",1,"Married",2218,16193,1,"Y","No",12,3,3,80,1,4,3,3,4,2,3,2
"437",53,"No","Travel_Rarely",447,"Research & Development",2,3,"Medical",1,1472,4,"Male",39,4,4,"Research Director",2,"Single",16598,19764,4,"Y","No",12,3,2,80,0,35,2,2,9,8,8,8
"438",31,"No","Travel_Rarely",688,"Sales",7,3,"Life Sciences",1,613,3,"Male",44,2,3,"Manager",4,"Divorced",11557,25291,9,"Y","No",21,4,3,80,1,10,3,2,5,4,0,1
"439",50,"No","Travel_Rarely",813,"Research & Development",17,5,"Life Sciences",1,1656,4,"Female",50,2,3,"Research Director",1,"Divorced",13269,21981,5,"Y","No",15,3,3,80,3,19,3,3,14,11,1,11
"440",28,"No","Travel_Rarely",1158,"Research & Development",9,3,"Medical",1,377,4,"Male",94,3,1,"Research Scientist",4,"Married",2070,2613,1,"Y","No",23,4,4,80,1,5,3,2,5,2,0,4
"441",24,"No","Non-Travel",830,"Sales",13,2,"Life Sciences",1,1495,4,"Female",78,3,1,"Sales Representative",2,"Married",2033,7103,1,"Y","No",13,3,3,80,1,1,2,3,1,0,0,0
"442",41,"No","Travel_Frequently",1200,"Research & Development",22,3,"Life Sciences",1,1392,4,"Female",75,3,2,"Research Scientist",4,"Divorced",5467,13953,3,"Y","Yes",14,3,1,80,2,12,4,2,6,2,3,3
"443",27,"No","Travel_Rarely",728,"Sales",23,1,"Medical",1,1864,2,"Female",36,2,2,"Sales Representative",3,"Married",3540,7018,1,"Y","No",21,4,4,80,1,9,5,3,9,8,5,8
"444",28,"No","Travel_Frequently",467,"Sales",7,3,"Life Sciences",1,1507,3,"Male",55,3,2,"Sales Executive",1,"Single",4898,11827,0,"Y","No",14,3,4,80,0,5,5,3,4,2,1,3
"445",35,"No","Non-Travel",208,"Research & Development",8,4,"Life Sciences",1,1630,3,"Female",52,3,2,"Healthcare Representative",3,"Married",4148,12250,1,"Y","No",12,3,4,80,1,15,5,3,14,11,2,9
"446",18,"Yes","Non-Travel",247,"Research & Development",8,1,"Medical",1,1156,3,"Male",80,3,1,"Laboratory Technician",3,"Single",1904,13556,1,"Y","No",12,3,4,80,0,0,0,3,0,0,0,0
"447",42,"No","Travel_Rarely",419,"Sales",12,4,"Marketing",1,1943,2,"Male",77,3,2,"Sales Executive",4,"Divorced",5087,2900,3,"Y","Yes",12,3,3,80,2,14,4,3,0,0,0,0
"448",34,"No","Travel_Rarely",1442,"Research & Development",9,3,"Medical",1,717,4,"Female",46,2,3,"Healthcare Representative",2,"Single",8621,17654,1,"Y","No",14,3,2,80,0,9,3,4,8,7,7,7
"449",33,"No","Travel_Frequently",970,"Sales",7,3,"Life Sciences",1,1114,4,"Female",30,3,2,"Sales Executive",2,"Married",4302,13401,0,"Y","No",17,3,3,80,1,4,3,3,3,2,0,2
"450",30,"No","Travel_Rarely",946,"Research & Development",2,3,"Medical",1,833,3,"Female",52,2,2,"Manufacturing Director",4,"Single",6877,20234,5,"Y","Yes",24,4,2,80,0,12,4,2,0,0,0,0
"451",28,"Yes","Travel_Frequently",1009,"Research & Development",1,3,"Medical",1,1111,1,"Male",45,2,1,"Laboratory Technician",2,"Divorced",2596,7160,1,"Y","No",15,3,1,80,2,1,2,3,1,0,0,0
"452",29,"No","Non-Travel",1496,"Research & Development",1,1,"Technical Degree",1,208,4,"Male",41,3,2,"Manufacturing Director",3,"Married",4319,26283,1,"Y","No",13,3,1,80,1,10,1,3,10,7,0,9
"453",42,"Yes","Travel_Frequently",933,"Research & Development",19,3,"Medical",1,752,3,"Male",57,4,1,"Research Scientist",3,"Divorced",2759,20366,6,"Y","Yes",12,3,4,80,0,7,2,3,2,2,2,2
"454",35,"No","Travel_Rarely",662,"Sales",1,5,"Marketing",1,204,3,"Male",94,3,3,"Sales Executive",2,"Married",7295,11439,1,"Y","No",13,3,1,80,2,10,3,3,10,8,0,6
"455",35,"No","Travel_Rarely",287,"Research & Development",1,4,"Life Sciences",1,2052,3,"Female",62,1,1,"Research Scientist",4,"Married",2977,8952,1,"Y","No",12,3,4,80,1,4,5,3,4,3,1,1
"456",46,"No","Travel_Rarely",1009,"Research & Development",2,3,"Life Sciences",1,575,1,"Male",51,3,4,"Research Director",3,"Married",17861,2288,6,"Y","No",13,3,3,80,0,26,2,1,3,2,0,1
"457",30,"No","Travel_Rarely",501,"Sales",27,5,"Marketing",1,747,3,"Male",99,3,2,"Sales Executive",4,"Divorced",5304,25275,7,"Y","No",23,4,4,80,1,10,2,2,8,7,7,7
"458",26,"Yes","Travel_Rarely",1357,"Research & Development",25,3,"Life Sciences",1,55,1,"Male",48,1,1,"Laboratory Technician",3,"Single",2293,10558,1,"Y","No",12,3,3,80,0,1,2,2,1,0,0,1
"459",45,"No","Travel_Rarely",252,"Research & Development",1,3,"Other",1,336,3,"Male",70,4,5,"Manager",4,"Married",19202,15970,0,"Y","No",11,3,3,80,1,25,2,3,24,0,1,7
"460",54,"No","Travel_Rarely",1147,"Sales",3,3,"Marketing",1,303,4,"Female",52,3,2,"Sales Executive",1,"Married",5940,17011,2,"Y","No",14,3,4,80,1,16,4,3,6,2,0,5
